from,to,p_value,coeficiente,signo,significativo
Pinus,Juniperus,0.9434023223559447,-0.009617994539601854,negativo,False
Pinus,Taxus,0.8792874125053785,-0.021499991841731805,negativo,False
Pinus,Betula,0.1350963367779869,-0.23223488028512806,negativo,False
Pinus,Corylus,0.3379213185985689,-0.13709429247551602,negativo,False
Pinus,Salix,0.4042376994387441,-0.11815953422287973,negativo,False
Pinus,Ulmus,0.0715444149592282,-0.23303643351808428,negativo,False
Pinus,Populus,0.767021700946384,0.04201586437376552,positivo,False
Pinus,Acer,0.4748586447784996,-0.10039384003415089,negativo,False
Pinus,Fraxinus,0.6210278689812077,0.07021118136611432,positivo,False
Pinus,Tilia,0.11836757797719638,-0.2108693534921942,negativo,False
Pinus,Juglans,0.315979103596032,-0.14251387366413706,negativo,False
Pinus,Pistacia,0.18380738282996462,-0.1666737698068307,negativo,False
Pinus,Rhamnus,0.3712735857147498,-0.12573174547033034,negativo,False
Pinus,Buxus,0.8462046185469788,-0.02785716004254664,negativo,False
Pinus,Sambucus,0.7064057385887814,-0.05303953976300817,negativo,False
Pinus,Viburnum,0.19859215567541777,0.191031993629389,positivo,False
Pinus,Tamarix,0.3250987262956473,-0.13727807098196948,negativo,False
Pinus,Thymelaeaceae,0.3305802285973538,-0.13717666933548242,negativo,False
Pinus,Ephedra distachya,0.09331821538587878,0.22567745939492245,positivo,False
Pinus,Ephedra fragilis,0.2131833875509613,0.17363529472592898,positivo,False
Pinus,Ericaceae,0.7610493274795807,0.042643212713223494,positivo,False
Pinus,Hereda helix,0.96719496446547,-0.005824980685105369,negativo,False
Pinus,Lonicera,0.825804061782889,-0.031227591546615963,negativo,False
Pinus,Oleaceae,0.16875804109275236,-0.19843984151925498,negativo,False
Pinus,Myrtus,0.2762434994432674,-0.15391756285621508,negativo,False
Pinus,Poaceae,0.5607714720187089,-0.08173885745926132,negativo,False
Pinus,Artemisia,0.13221547501395192,-0.16582232160477556,negativo,False
Pinus,Cichorioideae,0.024567144635309922,0.28573913849661914,positivo,True
Pinus,Asteroideae,0.39585016352997326,-0.12276893499736882,negativo,False
Pinus,Cardueae,0.24619758219871524,0.16678274244874292,positivo,False
Pinus,Rubiaceae,0.43871933053551615,-0.10442983298469981,negativo,False
Pinus,Centaurea,0.34536141182263946,0.14501855659447926,positivo,False
Pinus,Chenopodiaceae,0.2519667295762904,-0.1619815491951461,negativo,False
Pinus,Caryophyllaceae,0.6771384165589474,-0.05561083323723917,negativo,False
Pinus,Plantago,0.383850519539914,0.12285055486768509,positivo,False
Pinus,Brassicaceae,0.4834363755259584,-0.09807668802431276,negativo,False
Pinus,Saxifragaceae,0.2375689879491515,-0.16967257636099922,negativo,False
Pinus,Fabaceae,0.40365201918110394,0.10670247884359901,positivo,False
Pinus,Genista,0.9126288393623182,-0.014663821989357992,negativo,False
Pinus,Lotus type,0.4652109922658162,-0.10117011904936318,negativo,False
Pinus,Trifolium type,0.6284090403257292,-0.06986255510405054,negativo,False
Pinus,Rosaceae,0.2132404480495707,-0.155946862736755,negativo,False
Pinus,Boraginaceae,0.009852039259153067,0.3562158004831022,positivo,True
Pinus,Sedum,0.2714212152062013,-0.10826052378508111,negativo,False
Pinus,Helianthemum,0.001740784791925267,0.4094385802952504,positivo,True
Pinus,Lamiaceae,0.42262845577095276,-0.12250684751640956,negativo,False
Pinus,Urticaceae,0.0013193606915265564,-0.4575003702230396,negativo,True
Pinus,Rumex,0.10527327490852845,-0.22967520267450503,negativo,False
Pinus,Berberidaceae,0.288285126954393,0.14934384442436358,positivo,False
Pinus,Euphorbiaceae,0.8197191008975879,-0.0323826250857661,negativo,False
Pinus,Primulaceae,0.0752419354872,-0.24872669802578432,negativo,False
Pinus,Scrophulariaceae,0.31707862550998867,0.1402745145745921,positivo,False
Pinus,Papaver,0.568534702244934,-0.07684856687646015,negativo,False
Pinus,Campanulaceae,0.062251009815638185,0.25647697108128453,positivo,False
Pinus,Convolvulaceae,0.009852044361990017,0.35621577725256437,positivo,True
Pinus,Liliaceae,0.3704392086683427,0.12387106998914145,positivo,False
Pinus,Iridaceae,0.29959356474836984,0.16220991432831686,positivo,False
Pinus,Crassulaceae,0.07753297299208617,-0.24996920259603228,negativo,False
Pinus,Ranunculaceae,0.9446943984457562,-0.010141715804415571,negativo,False
Pinus,Cistaceae,0.7377466524843606,-0.04738158622438916,negativo,False
Pinus,Apiaceae,0.2877032683350825,-0.16182738620506493,negativo,False
Pinus,Valerianaceae,0.7560177526722912,-0.038495776540462406,negativo,False
Pinus,Ranunculus,0.16645097767481942,-0.19516805969550913,negativo,False
Juniperus,Pinus,0.6496759300672003,0.04525266805782191,positivo,False
Juniperus,Taxus,0.3611796564989319,-0.12768207492885422,negativo,False
Juniperus,Betula,0.8010049209251155,-0.03334282458943466,negativo,False
Juniperus,Corylus,0.32245789753540044,-0.13754169815712186,negativo,False
Juniperus,Salix,0.5497904977449797,-0.08181387720882188,negativo,False
Juniperus,Ulmus,0.4490204220132823,0.09316537665990393,positivo,False
Juniperus,Populus,0.7022174228853203,0.05394381928831298,positivo,False
Juniperus,Acer,0.8568950292003017,0.025314107184835913,positivo,False
Juniperus,Fraxinus,0.700783610291992,-0.05441298494397158,negativo,False
Juniperus,Tilia,0.9645389909930382,0.006136589359648226,positivo,False
Juniperus,Juglans,0.02661788785679773,0.30456589847194543,positivo,True
Juniperus,Pistacia,0.286015542758419,0.13497162163404253,positivo,False
Juniperus,Rhamnus,0.72450329731799,-0.050957180986397774,negativo,False
Juniperus,Buxus,0.7645286610406474,-0.04257301797013439,negativo,False
Juniperus,Sambucus,0.14563958667784405,0.2112802007343089,positivo,False
Juniperus,Viburnum,0.8521108973944558,0.026197892821553756,positivo,False
Juniperus,Tamarix,0.021262466290052393,0.300013202774541,positivo,True
Juniperus,Thymelaeaceae,1.0,2.893169254516992e-10,positivo,False
Juniperus,Ephedra distachya,0.7229873311071982,-0.05064421783496662,negativo,False
Juniperus,Ephedra fragilis,0.9680401636441955,-0.005698702426354743,negativo,False
Juniperus,Ericaceae,0.21804797804696394,-0.17023938996581853,negativo,False
Juniperus,Hereda helix,0.7836241993162532,-0.03922465450503926,negativo,False
Juniperus,Lonicera,0.9654828072030764,0.006423070647284175,positivo,False
Juniperus,Oleaceae,0.9837016136406617,-0.002893624165562783,negativo,False
Juniperus,Myrtus,0.5005978758059868,-0.0970933905320644,negativo,False
Juniperus,Poaceae,0.6075852433100752,-0.07133368345413395,negativo,False
Juniperus,Artemisia,0.9365523257160623,-0.008078748713441615,negativo,False
Juniperus,Cichorioideae,0.7250861011082732,0.03994927498287476,positivo,False
Juniperus,Asteroideae,0.045009045940647634,-0.2821740676052796,negativo,True
Juniperus,Cardueae,0.5641716145832556,-0.08417095149563826,negativo,False
Juniperus,Rubiaceae,0.598285439770433,0.07191481671711761,positivo,False
Juniperus,Centaurea,0.786596109121467,-0.039167507605161175,negativo,False
Juniperus,Chenopodiaceae,0.09052553265301817,0.2313156532584485,positivo,False
Juniperus,Caryophyllaceae,0.15241813720966646,-0.18859921092501447,negativo,False
Juniperus,Plantago,0.15285135689546075,-0.20039906157413634,negativo,False
Juniperus,Brassicaceae,0.25458776290882906,-0.16532058265743926,negativo,False
Juniperus,Saxifragaceae,0.9833111126494655,-0.003039432652450524,negativo,False
Juniperus,Fabaceae,0.7369272016420889,0.04253698983615517,positivo,False
Juniperus,Genista,0.14861270376778882,-0.18699856859109296,negativo,False
Juniperus,Lotus type,0.3348087954199056,-0.1312103458435701,negativo,False
Juniperus,Trifolium type,0.11411239497936498,-0.2376072366389565,negativo,False
Juniperus,Rosaceae,0.6775280008776348,0.0470373373064808,positivo,False
Juniperus,Boraginaceae,0.9307071215291652,0.012408981008003386,positivo,False
Juniperus,Sedum,0.25882409030082537,-0.11400835046240965,negativo,False
Juniperus,Helianthemum,0.18402502217272856,-0.17841004931786691,negativo,False
Juniperus,Lamiaceae,0.9941364067338847,-0.0010239149006279133,negativo,False
Juniperus,Urticaceae,0.8928137411951369,-0.018502388907334494,negativo,False
Juniperus,Rumex,0.8060832604973488,0.035223435250439805,positivo,False
Juniperus,Berberidaceae,0.17094955453641525,-0.19230954306427034,negativo,False
Juniperus,Euphorbiaceae,0.6067109272065858,0.072757916491695,positivo,False
Juniperus,Primulaceae,0.47740647425342475,-0.10009012263470755,negativo,False
Juniperus,Scrophulariaceae,0.43239646377530117,-0.11660264561043407,negativo,False
Juniperus,Papaver,0.016041117467018563,0.3113557848919632,positivo,True
Juniperus,Campanulaceae,0.08601090497977301,-0.23645225590663854,negativo,False
Juniperus,Convolvulaceae,0.930707141971242,0.012408977336465765,positivo,False
Juniperus,Liliaceae,0.6862084396631284,0.05610266813450365,positivo,False
Juniperus,Iridaceae,0.12872806276971271,0.21134530818079061,positivo,False
Juniperus,Crassulaceae,0.8088972703809603,0.03368589230442805,positivo,False
Juniperus,Ranunculaceae,0.09159151834741684,-0.26243480711777917,negativo,False
Juniperus,Cistaceae,0.18848397235608333,-0.18788397844790858,negativo,False
Juniperus,Apiaceae,0.008316031643619262,-0.3667311612056108,negativo,True
Juniperus,Valerianaceae,0.47614188589581796,-0.09098246771587577,negativo,False
Juniperus,Ranunculus,0.12167110431768693,-0.21046516504894225,negativo,False
Taxus,Pinus,0.8188518803163721,0.022729028201616153,positivo,False
Taxus,Juniperus,0.4811177173873262,-0.09402225511415374,negativo,False
Taxus,Betula,0.4410405957168645,-0.09437247659479359,negativo,False
Taxus,Corylus,0.6245117688941959,0.06513304520638069,positivo,False
Taxus,Salix,0.3682973679135104,-0.12160551308886758,negativo,False
Taxus,Ulmus,0.8002241784483709,0.030435414703327,positivo,False
Taxus,Populus,0.22181445871196906,0.16990046641538112,positivo,False
Taxus,Acer,0.9446531152333699,0.009675587159155466,positivo,False
Taxus,Fraxinus,0.225218163369139,0.16992610039920766,positivo,False
Taxus,Tilia,0.7941321512801576,0.03544252726596317,positivo,False
Taxus,Juglans,0.5127549579375141,-0.09171908345888836,negativo,False
Taxus,Pistacia,0.5152291180806705,-0.07857107670574101,negativo,False
Taxus,Rhamnus,0.6391566393432253,-0.07231041230794603,negativo,False
Taxus,Buxus,0.7496600584383788,-0.044826197408162134,negativo,False
Taxus,Sambucus,0.9537044719311523,0.008131729867127124,positivo,False
Taxus,Viburnum,0.5151492492769756,-0.09090908474593284,negativo,False
Taxus,Tamarix,0.5871864885656151,-0.07235774756455032,negativo,False
Taxus,Thymelaeaceae,0.044502405381395,0.2744722995626788,positivo,True
Taxus,Ephedra distachya,0.4386929863325635,-0.10438401560009743,negativo,False
Taxus,Ephedra fragilis,0.1638973039487985,0.1905467406474876,positivo,False
Taxus,Ericaceae,0.9872262708393982,-0.0022149982947739233,negativo,False
Taxus,Hereda helix,0.5453636806988009,0.08456664450494128,positivo,False
Taxus,Lonicera,0.12993871620702285,0.2093331161298175,positivo,False
Taxus,Oleaceae,0.16929942339321022,-0.18886612471060527,negativo,False
Taxus,Myrtus,0.6277494049365633,-0.07066938008115083,negativo,False
Taxus,Poaceae,0.6294525295035255,0.06655571540013204,positivo,False
Taxus,Artemisia,0.5855618366314843,-0.05541359306087748,negativo,False
Taxus,Cichorioideae,0.09820338954699691,0.17576326580753787,positivo,False
Taxus,Asteroideae,0.020140212386596267,0.31450380557138113,positivo,True
Taxus,Cardueae,0.4762132873251145,0.09725550683994363,positivo,False
Taxus,Rubiaceae,0.3433375388576373,-0.12593851900092562,negativo,False
Taxus,Centaurea,0.12385369509519911,0.21280868027695185,positivo,False
Taxus,Chenopodiaceae,0.4317403699248742,0.10788987897924884,positivo,False
Taxus,Caryophyllaceae,0.2646205761320016,0.1453083886926098,positivo,False
Taxus,Plantago,0.5055083540836958,0.09329140955999919,positivo,False
Taxus,Brassicaceae,0.32547224988994317,0.13405770318511534,positivo,False
Taxus,Saxifragaceae,0.8561146712554852,0.02514113997531467,positivo,False
Taxus,Fabaceae,0.5451369230665851,0.07584863119263313,positivo,False
Taxus,Genista,0.8465649460016706,0.02647563026353683,positivo,False
Taxus,Lotus type,0.4976369735263868,0.09277401781238723,positivo,False
Taxus,Trifolium type,0.03080227283340361,0.28744166666694265,positivo,True
Taxus,Rosaceae,0.20707713888586035,0.14185515611084765,positivo,False
Taxus,Boraginaceae,0.0009689215169128404,0.43033148254458997,positivo,True
Taxus,Sedum,0.600580346905814,0.05011278729542973,positivo,False
Taxus,Helianthemum,0.004003490030995694,0.36396157141185853,positivo,True
Taxus,Lamiaceae,0.09216751838044857,-0.22975818990347963,negativo,False
Taxus,Urticaceae,0.9352245765500294,0.011092590179963502,positivo,False
Taxus,Rumex,0.9343136644921972,-0.01150493778742652,negativo,False
Taxus,Berberidaceae,0.5560785113471309,-0.08256027197064161,negativo,False
Taxus,Euphorbiaceae,0.7496599584532802,-0.04482621590987722,negativo,False
Taxus,Primulaceae,0.04495420462723358,-0.2632158391518479,negativo,True
Taxus,Scrophulariaceae,0.6352831933552371,-0.06618801839755391,negativo,False
Taxus,Papaver,0.773235671495204,0.0388543608672382,positivo,False
Taxus,Campanulaceae,0.7457109028234281,0.04523419501562771,positivo,False
Taxus,Convolvulaceae,0.0009689212043662845,0.43033149295433254,positivo,True
Taxus,Liliaceae,0.287053649307575,-0.14514063647708014,negativo,False
Taxus,Iridaceae,0.9105499708401295,-0.015866468499196613,negativo,False
Taxus,Crassulaceae,0.6625606902492274,0.05926672155075503,positivo,False
Taxus,Ranunculaceae,0.5639585539234953,-0.07997288511160372,negativo,False
Taxus,Cistaceae,0.48218156183170247,-0.09840165242082716,negativo,False
Taxus,Apiaceae,0.3897464231222515,0.11855647329458635,positivo,False
Taxus,Valerianaceae,0.15542697464139826,0.17220289996194732,positivo,False
Taxus,Ranunculus,0.1479509202488991,-0.19950618845918744,negativo,False
Betula,Pinus,0.31565000647792407,-0.1267472206256528,negativo,False
Betula,Juniperus,0.521486561811052,-0.09252213831361777,negativo,False
Betula,Taxus,0.0854032987059127,-0.23797638268355586,negativo,False
Betula,Corylus,0.04936107878095815,0.28315106162778036,positivo,True
Betula,Salix,0.1481296252231092,0.1990687937582165,positivo,False
Betula,Ulmus,0.23991771878032575,0.14599157956215958,positivo,False
Betula,Populus,0.8380708291105112,-0.029084447562564647,negativo,False
Betula,Acer,0.45187181574884616,0.10723689336481441,positivo,False
Betula,Fraxinus,0.17940502744697914,-0.18754624117605742,negativo,False
Betula,Tilia,0.5736294952325902,0.07758698183209782,positivo,False
Betula,Juglans,0.6684952214199459,0.06108587482983954,positivo,False
Betula,Pistacia,0.04157130541132101,0.2545058955819951,positivo,True
Betula,Rhamnus,0.4002930228698366,-0.11785852915336587,negativo,False
Betula,Buxus,0.5368621308805903,-0.08737982121986917,negativo,False
Betula,Sambucus,0.26959965203162134,-0.15516304961855254,negativo,False
Betula,Viburnum,0.7819294921047836,-0.04001443016797436,negativo,False
Betula,Tamarix,0.1520423226677473,0.1908780386180491,positivo,False
Betula,Thymelaeaceae,0.7587158673476198,-0.043477501932101946,negativo,False
Betula,Ephedra distachya,0.9665228035873121,0.005783265279387574,positivo,False
Betula,Ephedra fragilis,0.31305338862936777,-0.1402421857188946,negativo,False
Betula,Ericaceae,0.7890507228509887,-0.03784243259556436,negativo,False
Betula,Hereda helix,0.8263274263096441,0.03099432962539614,positivo,False
Betula,Lonicera,0.2481017497178036,0.16344069806501776,positivo,False
Betula,Oleaceae,0.25325878931714046,0.15769168747824155,positivo,False
Betula,Myrtus,0.5629163759647167,0.08268960985638375,positivo,False
Betula,Poaceae,0.7868232691904369,0.03766839096354409,positivo,False
Betula,Artemisia,0.3975817572063084,0.09561936663013326,positivo,False
Betula,Cichorioideae,0.08406701440350396,-0.1865649364514309,negativo,False
Betula,Asteroideae,0.14334421354732663,0.21225551491098354,positivo,False
Betula,Cardueae,0.4945421161650756,-0.09479448309809962,negativo,False
Betula,Rubiaceae,0.1930600886969064,0.17486502203732499,positivo,False
Betula,Centaurea,0.6072406945677336,-0.07231109744166797,negativo,False
Betula,Chenopodiaceae,0.8493264395082931,-0.02656135092272692,negativo,False
Betula,Caryophyllaceae,0.3637569637040502,0.12015874078221805,positivo,False
Betula,Plantago,0.35329896871955213,0.1303029557381666,positivo,False
Betula,Brassicaceae,0.5122529871844257,0.09243035920690928,positivo,False
Betula,Saxifragaceae,0.41446892142981706,0.11802122343200433,positivo,False
Betula,Fabaceae,0.2822964852693703,-0.13806447374944905,negativo,False
Betula,Genista,0.8967640092435386,0.017090612814848666,positivo,False
Betula,Lotus type,0.8256001519076387,0.032059424181665075,positivo,False
Betula,Trifolium type,0.40745472170955876,0.12010091924790914,positivo,False
Betula,Rosaceae,0.07122635901047274,0.21649693662226654,positivo,False
Betula,Boraginaceae,0.47804812285072307,-0.10134749652354524,negativo,False
Betula,Sedum,0.06295108006999933,0.18385377421317778,positivo,False
Betula,Helianthemum,0.4473314231961991,-0.1018446174145301,negativo,False
Betula,Lamiaceae,0.8466320856863288,-0.027634161979704308,negativo,False
Betula,Urticaceae,0.003361990667388353,0.4101754346638024,positivo,True
Betula,Rumex,0.3020120634209434,0.14477045214760287,positivo,False
Betula,Berberidaceae,0.6255452517466222,-0.06889267376047178,negativo,False
Betula,Euphorbiaceae,0.04057691837556088,0.2825290147207197,positivo,True
Betula,Primulaceae,0.20622672282102336,0.17859846233445825,positivo,False
Betula,Scrophulariaceae,0.8840667599421297,0.02027824880546502,positivo,False
Betula,Papaver,0.6419248343099173,-0.06254547080937492,negativo,False
Betula,Campanulaceae,0.6974247691618458,-0.055186430037773876,negativo,False
Betula,Convolvulaceae,0.47804809041284313,-0.10134750384255735,negativo,False
Betula,Liliaceae,0.08023237377411548,-0.23880545214858143,negativo,False
Betula,Iridaceae,0.6940717331888423,-0.05651270269667809,negativo,False
Betula,Crassulaceae,0.22022128001091554,0.17162609836116233,positivo,False
Betula,Ranunculaceae,0.5218837201670312,0.09292482928123451,positivo,False
Betula,Cistaceae,0.7260948261920352,0.049466358604057306,positivo,False
Betula,Apiaceae,0.05651171619518068,0.28832474784754003,positivo,False
Betula,Valerianaceae,0.5394043801075503,0.07631545127512991,positivo,False
Betula,Ranunculus,0.14443670957336627,0.1952051213692874,positivo,False
Corylus,Pinus,0.8411776803894937,0.02641807249089817,positivo,False
Corylus,Juniperus,0.5955298053642988,-0.09220846512723888,negativo,False
Corylus,Taxus,0.5600886462244714,-0.10117564934604885,negativo,False
Corylus,Betula,0.4314181419541355,0.13185599919239419,positivo,False
Corylus,Salix,0.5730915422430736,0.09622541140570362,positivo,False
Corylus,Ulmus,0.7653381841424198,0.04405307943641992,positivo,False
Corylus,Populus,0.07212608545040448,0.3006881369826545,positivo,False
Corylus,Acer,0.17908015487312107,0.2262012610796263,positivo,False
Corylus,Fraxinus,0.8929993265719623,0.023042843333949698,positivo,False
Corylus,Tilia,0.07455893855533778,0.2888233059507465,positivo,False
Corylus,Juglans,0.8471472396194997,0.03291705645866679,positivo,False
Corylus,Pistacia,0.2819023609211584,-0.1570375315164334,negativo,False
Corylus,Rhamnus,0.2405295086517036,0.19744407256050583,positivo,False
Corylus,Buxus,0.10020814049510392,0.27913783771679035,positivo,False
Corylus,Sambucus,0.5935417005670245,0.09133481493440274,positivo,False
Corylus,Viburnum,0.3856698959137065,-0.1468956381082606,negativo,False
Corylus,Tamarix,0.7744373989878606,0.04767098738173421,positivo,False
Corylus,Thymelaeaceae,0.06478384201953903,0.3249946899054629,positivo,False
Corylus,Ephedra distachya,0.501043326875565,0.11057958418768937,positivo,False
Corylus,Ephedra fragilis,0.5060075562432598,-0.11266013087989077,negativo,False
Corylus,Ericaceae,0.45204062155065594,-0.13736782105097645,negativo,False
Corylus,Hereda helix,0.07221041144885224,0.30486978698054906,positivo,False
Corylus,Lonicera,0.9452048212101531,-0.011845987907794434,negativo,False
Corylus,Oleaceae,0.5527296949174945,-0.09994309205897337,negativo,False
Corylus,Myrtus,0.25344762962817646,0.1989850606873004,positivo,False
Corylus,Poaceae,0.6437595945803252,0.07822129938516528,positivo,False
Corylus,Artemisia,0.774209953777323,-0.03571200064872748,negativo,False
Corylus,Cichorioideae,0.46452888287019645,-0.09616570442739258,negativo,False
Corylus,Asteroideae,0.6136224389516233,0.08910128793290437,positivo,False
Corylus,Cardueae,0.13039833378202154,0.24920495961169015,positivo,False
Corylus,Rubiaceae,0.44923234090151776,0.12384360071742291,positivo,False
Corylus,Centaurea,0.7586515845818694,-0.05232157749772577,negativo,False
Corylus,Chenopodiaceae,0.8955360393789791,-0.022130880085503277,negativo,False
Corylus,Caryophyllaceae,0.36281337279407244,0.14919680501952465,positivo,False
Corylus,Plantago,0.45367057181059933,-0.12747893882149838,negativo,False
Corylus,Brassicaceae,0.8860114057540223,-0.024857930263847347,negativo,False
Corylus,Saxifragaceae,0.7417284723929238,0.05630528128550765,positivo,False
Corylus,Fabaceae,0.9597433738307579,-0.007743659964164651,negativo,False
Corylus,Genista,0.9921307390612141,-0.0015650580273276413,negativo,False
Corylus,Lotus type,0.39006490394011184,0.1502728243209548,positivo,False
Corylus,Trifolium type,0.47999781493480453,0.13271008396922143,positivo,False
Corylus,Rosaceae,0.19815650778581095,0.19045652750601666,positivo,False
Corylus,Boraginaceae,0.21527514910956877,-0.21013420805591765,negativo,False
Corylus,Sedum,0.0066392029770985595,0.31640276131894,positivo,True
Corylus,Helianthemum,0.8451718575387182,0.03194699172235877,positivo,False
Corylus,Lamiaceae,0.3773741330856759,0.14811840034679852,positivo,False
Corylus,Urticaceae,0.04985509199662237,0.33950636956161,positivo,True
Corylus,Rumex,0.5760555825838213,-0.09525281017590714,negativo,False
Corylus,Berberidaceae,0.365824183849753,0.15564118238607966,positivo,False
Corylus,Euphorbiaceae,0.1520897901429702,-0.24779880147104022,negativo,False
Corylus,Primulaceae,0.052810757556673235,0.3115897481316275,positivo,False
Corylus,Scrophulariaceae,0.3688190320106737,0.15023522219843763,positivo,False
Corylus,Papaver,0.9020531855341806,-0.02007747988744993,negativo,False
Corylus,Campanulaceae,0.35929740159998924,-0.15500026152854915,negativo,False
Corylus,Convolvulaceae,0.2152751591623732,-0.21013420361543403,negativo,False
Corylus,Liliaceae,0.3531784524089987,-0.15472289494894967,negativo,False
Corylus,Iridaceae,0.6940497151368574,0.06720429769554874,positivo,False
Corylus,Crassulaceae,0.30013005077640204,-0.1717130825272452,negativo,False
Corylus,Ranunculaceae,0.6650065185063929,0.07368688463262624,positivo,False
Corylus,Cistaceae,0.25151268879754207,0.19423214479039178,positivo,False
Corylus,Apiaceae,0.006728256299240753,0.4728907007882774,positivo,True
Corylus,Valerianaceae,0.05266497932674707,0.29566886915743984,positivo,False
Corylus,Ranunculus,0.33648254451766857,0.15655393787935623,positivo,False
Salix,Pinus,0.9472505621754796,0.00775684430003537,positivo,False
Salix,Juniperus,0.9078687775994025,0.017744347416908477,positivo,False
Salix,Taxus,0.12727162864198815,-0.2394101354665101,negativo,False
Salix,Betula,0.7227338839266445,0.050640961387841604,positivo,False
Salix,Corylus,0.8312948418068388,-0.032782581580773296,negativo,False
Salix,Ulmus,0.04090483096232579,0.2729883045267569,positivo,True
Salix,Populus,0.8777718164444701,-0.024807215341494358,negativo,False
Salix,Acer,0.38237893606866313,0.13846702117144483,positivo,False
Salix,Fraxinus,0.38278271797957475,-0.1397314653790548,negativo,False
Salix,Tilia,0.7876369843520719,-0.0426416360216837,negativo,False
Salix,Juglans,0.03639716784552216,0.3261592862247342,positivo,True
Salix,Pistacia,0.4148384585091196,0.11300128904431869,positivo,False
Salix,Rhamnus,0.7201383796533682,0.057225475362611036,positivo,False
Salix,Buxus,0.04303190628835491,0.32007800676386033,positivo,True
Salix,Sambucus,0.01012004915393299,0.4022942635067132,positivo,True
Salix,Viburnum,0.43502377875517206,0.12413723436742329,positivo,False
Salix,Tamarix,0.17509186297898874,0.21094432050109735,positivo,False
Salix,Thymelaeaceae,0.07178897426642397,0.2835987396839093,positivo,False
Salix,Ephedra distachya,0.07048172145624394,-0.2744279735808173,negativo,False
Salix,Ephedra fragilis,0.680360037609977,-0.06670658638256804,negativo,False
Salix,Ericaceae,0.284272619849618,-0.1683226050241335,negativo,False
Salix,Hereda helix,0.22052906672372136,0.19598656165458778,positivo,False
Salix,Lonicera,0.427019208688622,-0.12798214338554656,negativo,False
Salix,Oleaceae,0.011265957785425615,0.3857019545959874,positivo,True
Salix,Myrtus,0.4472789324500198,-0.12226727463968058,negativo,False
Salix,Poaceae,0.12782195546128228,-0.23864964302111946,negativo,False
Salix,Artemisia,0.3347697475096886,0.11024718945885459,positivo,False
Salix,Cichorioideae,0.6871415162706518,-0.05357589176325958,negativo,False
Salix,Asteroideae,0.9441121726931476,0.011084962579139365,positivo,False
Salix,Cardueae,0.19620862155831356,-0.20426217792767343,negativo,False
Salix,Rubiaceae,0.1942169909148496,0.1977651131207778,positivo,False
Salix,Centaurea,0.785992383639595,0.04405184806267466,positivo,False
Salix,Chenopodiaceae,0.7381673453413888,0.05263288413530995,positivo,False
Salix,Caryophyllaceae,0.48174788876882413,-0.10606319503191114,negativo,False
Salix,Plantago,0.8399057627394528,-0.032629996612255706,negativo,False
Salix,Brassicaceae,0.9297289519399173,0.014014527579443355,positivo,False
Salix,Saxifragaceae,0.8338667706653073,-0.033774160320404305,negativo,False
Salix,Fabaceae,0.2553939685260101,-0.1636051816549092,negativo,False
Salix,Genista,0.27712512264968503,-0.16007275810178323,negativo,False
Salix,Lotus type,0.09721818914166881,-0.2533634946039494,negativo,False
Salix,Trifolium type,0.1997848589096167,-0.20009190220147005,negativo,False
Salix,Rosaceae,0.2902266781739381,0.13494106050248894,positivo,False
Salix,Boraginaceae,0.34267446957001446,-0.15262553000147677,negativo,False
Salix,Sedum,0.9120542924463053,-0.012209478564937426,negativo,False
Salix,Helianthemum,0.08439239819175322,-0.2785169676930748,negativo,False
Salix,Lamiaceae,0.3804573796230061,0.13790118440462734,positivo,False
Salix,Urticaceae,0.8078837380794988,-0.037954318681048385,negativo,False
Salix,Rumex,0.17273841798565026,-0.2140136545910251,negativo,False
Salix,Berberidaceae,0.18980636214227847,-0.2105239305810215,negativo,False
Salix,Euphorbiaceae,0.3572028340172425,-0.15251903851106693,negativo,False
Salix,Primulaceae,0.9052413399345416,0.019414744582138863,positivo,False
Salix,Scrophulariaceae,0.4092216732981774,0.13304860871738103,positivo,False
Salix,Papaver,0.6748509540117871,0.06407469698842884,positivo,False
Salix,Campanulaceae,0.8052000273311332,0.03926058192055034,positivo,False
Salix,Convolvulaceae,0.34267444497563115,-0.15262553800819142,negativo,False
Salix,Liliaceae,0.9166066466016769,-0.01654754116973821,negativo,False
Salix,Iridaceae,0.6409729211805607,0.07464937700208259,positivo,False
Salix,Crassulaceae,0.6164950471041248,0.07870781863055194,positivo,False
Salix,Ranunculaceae,0.9873521651246927,0.002517778577662502,positivo,False
Salix,Cistaceae,0.5453455899205017,0.09710151633982742,positivo,False
Salix,Apiaceae,0.512352961965689,-0.10381721076611303,negativo,False
Salix,Valerianaceae,0.6255018816625304,-0.06985394645902199,negativo,False
Salix,Ranunculus,0.1144685179496419,-0.23877135934262717,negativo,False
Ulmus,Pinus,0.23518642361166128,-0.1278054601351929,negativo,False
Ulmus,Juniperus,0.23484625692515398,-0.16210127757674136,negativo,False
Ulmus,Taxus,0.22153353678087362,-0.17048579966083857,negativo,False
Ulmus,Betula,0.24281205885446133,0.14800469134197683,positivo,False
Ulmus,Corylus,0.342410242315222,0.12499720060927405,positivo,False
Ulmus,Salix,0.9506422525057981,0.00849849464812355,positivo,False
Ulmus,Populus,0.9570789947096139,-0.007650578165768602,negativo,False
Ulmus,Acer,0.5202776026144524,0.09003783098633672,positivo,False
Ulmus,Fraxinus,0.676445363368313,0.05878529968227288,positivo,False
Ulmus,Tilia,0.4509443014665879,-0.1043310331309444,negativo,False
Ulmus,Juglans,0.45157145915982455,0.11205962203246178,positivo,False
Ulmus,Pistacia,0.039149677919213824,0.2482183369858692,positivo,True
Ulmus,Rhamnus,0.6712024414122303,-0.05963782402014951,negativo,False
Ulmus,Buxus,0.8600014616847318,-0.025045941319885245,negativo,False
Ulmus,Sambucus,0.7219708356599251,-0.05044963980133822,negativo,False
Ulmus,Viburnum,0.7611907852073998,-0.04323728824301165,negativo,False
Ulmus,Tamarix,0.2733466414110487,0.155743046717757,positivo,False
Ulmus,Thymelaeaceae,0.7276902251712494,0.05017955303645612,positivo,False
Ulmus,Ephedra distachya,0.9329943126598208,0.011399282890208258,positivo,False
Ulmus,Ephedra fragilis,0.6503078302624502,0.06490292941154976,positivo,False
Ulmus,Ericaceae,0.45470476154716055,0.10391344722333887,positivo,False
Ulmus,Hereda helix,0.7094824994693139,-0.052539316115869455,negativo,False
Ulmus,Lonicera,0.5828359806972914,0.0784417424366961,positivo,False
Ulmus,Oleaceae,0.5051597585486712,0.09648850991178634,positivo,False
Ulmus,Myrtus,0.7290822499093382,-0.04887294652034525,negativo,False
Ulmus,Poaceae,0.8857364603622189,-0.020120473615332656,negativo,False
Ulmus,Artemisia,0.41736705836326804,0.08668074364186593,positivo,False
Ulmus,Cichorioideae,0.5445791439937924,-0.06868393404926124,negativo,False
Ulmus,Asteroideae,0.648172578091128,0.06339897519609647,positivo,False
Ulmus,Cardueae,0.0817516178028524,-0.24180268830290694,negativo,False
Ulmus,Rubiaceae,0.7569755232923987,0.04167969549607664,positivo,False
Ulmus,Centaurea,0.08256681329839972,-0.24493789545961014,negativo,False
Ulmus,Chenopodiaceae,0.09067024088535511,0.2372972127304639,positivo,False
Ulmus,Caryophyllaceae,0.9084332213292934,-0.01548594333936329,negativo,False
Ulmus,Plantago,0.759991650846745,-0.04339533788734953,negativo,False
Ulmus,Brassicaceae,0.90194634866458,-0.017093675813516215,negativo,False
Ulmus,Saxifragaceae,0.3307571244695108,0.13805558343094299,positivo,False
Ulmus,Fabaceae,0.4649219378478199,-0.09235741337432372,negativo,False
Ulmus,Genista,0.09310144609011133,-0.22071335131461003,negativo,False
Ulmus,Lotus type,0.09531986777337678,0.2257503443976586,positivo,False
Ulmus,Trifolium type,0.30442248043475917,0.14079451304553886,positivo,False
Ulmus,Rosaceae,0.33305483488345855,0.10968973210527105,positivo,False
Ulmus,Boraginaceae,0.8360256884400804,-0.029560364031365104,negativo,False
Ulmus,Sedum,0.9524701616541971,0.005718180521282479,positivo,False
Ulmus,Helianthemum,0.17796550423037882,-0.18641386761040551,negativo,False
Ulmus,Lamiaceae,0.23884030393518982,0.16571606184880866,positivo,False
Ulmus,Urticaceae,0.19707223756898498,0.17850890438767356,positivo,False
Ulmus,Rumex,0.03573708433777571,0.2865503866661575,positivo,True
Ulmus,Berberidaceae,0.37906954503538426,-0.12549337689096818,negativo,False
Ulmus,Euphorbiaceae,0.33026057304463197,-0.1369047391379683,negativo,False
Ulmus,Primulaceae,0.804497589861586,0.033667494716169505,positivo,False
Ulmus,Scrophulariaceae,0.9683782735101103,-0.005509515192762576,negativo,False
Ulmus,Papaver,0.8958679378049252,0.018517143955840594,positivo,False
Ulmus,Campanulaceae,0.07416402204907185,-0.2520122781608884,negativo,False
Ulmus,Convolvulaceae,0.8360256396469062,-0.029560372907584162,negativo,False
Ulmus,Liliaceae,0.3540540829118407,-0.12760332930536003,negativo,False
Ulmus,Iridaceae,0.8633216251734549,-0.024349511851323377,negativo,False
Ulmus,Crassulaceae,0.19189771707793726,0.177660741782742,positivo,False
Ulmus,Ranunculaceae,0.49128916742060325,0.09608991623513893,positivo,False
Ulmus,Cistaceae,0.8149531572787839,-0.03439756553295522,negativo,False
Ulmus,Apiaceae,0.7226195713589114,0.04933967573569958,positivo,False
Ulmus,Valerianaceae,0.7619932419302106,-0.03743246774599688,negativo,False
Ulmus,Ranunculus,0.9999877051451596,2.186260189940281e-06,positivo,False
Populus,Pinus,0.49673020906884446,-0.0671330136268592,negativo,False
Populus,Juniperus,0.4899152448562508,-0.09215890313237907,negativo,False
Populus,Taxus,0.9353122702804605,-0.011365659745992573,negativo,False
Populus,Betula,0.7148367840527392,-0.045052433810118475,negativo,False
Populus,Corylus,0.01919951864057372,0.2940217304628807,positivo,True
Populus,Salix,0.027930948992636324,0.29059043189455647,positivo,True
Populus,Ulmus,0.5958966306463276,0.0639511822644051,positivo,False
Populus,Acer,0.4438479526363329,-0.10766194714608646,negativo,False
Populus,Fraxinus,0.12989092503232832,0.20848673741791646,positivo,False
Populus,Tilia,0.9152615875235461,-0.014510261980601624,negativo,False
Populus,Juglans,0.5708027217051106,-0.08111828049732013,negativo,False
Populus,Pistacia,0.997573811598131,-0.0003716897642931649,negativo,False
Populus,Rhamnus,0.5397023212916034,-0.09041647990705656,negativo,False
Populus,Buxus,0.7281845550314492,-0.04883375454803037,negativo,False
Populus,Sambucus,0.3295711922786907,-0.13504385600229055,negativo,False
Populus,Viburnum,0.3861456592265601,-0.12047604399210297,negativo,False
Populus,Tamarix,0.11355842151723501,0.20801488167350124,positivo,False
Populus,Thymelaeaceae,0.11255220291605338,0.21930104468366893,positivo,False
Populus,Ephedra distachya,0.8780821392668098,0.02066472337070533,positivo,False
Populus,Ephedra fragilis,0.12590666899399786,-0.2103298526593043,negativo,False
Populus,Ericaceae,0.2496152700958392,0.15854289359782667,positivo,False
Populus,Hereda helix,0.49432205485438074,-0.0958508191241049,negativo,False
Populus,Lonicera,0.6681924627290673,-0.060102890344250225,negativo,False
Populus,Oleaceae,0.9966217734939925,0.0005914566143395972,positivo,False
Populus,Myrtus,0.6645614741911919,-0.08235810873314431,negativo,False
Populus,Poaceae,0.8491410163522015,-0.026622330925570863,negativo,False
Populus,Artemisia,0.6937772975462271,0.039570444018437616,positivo,False
Populus,Cichorioideae,0.9248503592454644,-0.010206462021604468,negativo,False
Populus,Asteroideae,0.9503736328095621,-0.00874369670999186,negativo,False
Populus,Cardueae,0.6700626735192973,-0.0583094396056448,negativo,False
Populus,Rubiaceae,0.26846397903372465,0.14815510167420126,positivo,False
Populus,Centaurea,0.6256826815226478,-0.06822671196846541,negativo,False
Populus,Chenopodiaceae,0.5414434460338879,-0.08394283388572904,negativo,False
Populus,Caryophyllaceae,0.2217658912773621,0.16114360691690055,positivo,False
Populus,Plantago,0.5020361572671554,-0.09373595051742614,negativo,False
Populus,Brassicaceae,0.8980631696796985,-0.017741425699259433,negativo,False
Populus,Saxifragaceae,0.6128522230746815,0.07032474266310612,positivo,False
Populus,Fabaceae,0.13412119578764745,-0.18618101224795713,negativo,False
Populus,Genista,0.27968384675263713,-0.13932446638704357,negativo,False
Populus,Lotus type,0.4156498401398636,0.1165289999001264,positivo,False
Populus,Trifolium type,0.3342790078675095,0.1314826759148977,positivo,False
Populus,Rosaceae,0.9409359006105735,0.008241745745910911,positivo,False
Populus,Boraginaceae,0.7458591934726185,-0.04601920760598334,negativo,False
Populus,Sedum,0.5478477263026915,0.05727144590166877,positivo,False
Populus,Helianthemum,0.4070038991329886,-0.11647478845645934,negativo,False
Populus,Lamiaceae,0.4984337705333268,-0.09419321722719776,negativo,False
Populus,Urticaceae,0.2559463211389647,0.15345664285093832,positivo,False
Populus,Rumex,0.861827263633785,-0.02491892866114466,negativo,False
Populus,Berberidaceae,0.8439187162982209,0.027695378365221204,positivo,False
Populus,Euphorbiaceae,2.014443256730556e-12,0.7475321277441188,positivo,True
Populus,Primulaceae,0.5242593347533128,-0.08642470001386976,negativo,False
Populus,Scrophulariaceae,0.30967216955429333,0.141318128811396,positivo,False
Populus,Papaver,0.09651908507967243,0.2183436933174558,positivo,False
Populus,Campanulaceae,0.19876810128195654,0.17711775123823661,positivo,False
Populus,Convolvulaceae,0.7458590662415192,-0.046019231548547805,negativo,False
Populus,Liliaceae,0.6476054276478335,0.06512203256183138,positivo,False
Populus,Iridaceae,0.9510752065384481,-0.008630661245711147,negativo,False
Populus,Crassulaceae,0.5845866397026841,-0.07530730781618195,negativo,False
Populus,Ranunculaceae,0.3393792639184763,0.13683505688516132,positivo,False
Populus,Cistaceae,0.9765875475314508,-0.004127858369258261,negativo,False
Populus,Apiaceae,0.9705017259767051,-0.005112850554982243,negativo,False
Populus,Valerianaceae,0.25653842294547113,0.1384997337605614,positivo,False
Populus,Ranunculus,0.20328246305848569,-0.1691336537160056,negativo,False
Acer,Pinus,0.036511303056546845,0.2009261784411689,positivo,True
Acer,Juniperus,0.353955935514777,-0.12346485700713766,negativo,False
Acer,Taxus,0.24900010387344898,0.1595396939261482,positivo,False
Acer,Betula,0.0860274922869315,-0.2099331110891396,negativo,False
Acer,Corylus,0.0941682902618056,-0.21484540702442806,negativo,False
Acer,Salix,0.9242952178038633,0.012932870232405108,positivo,False
Acer,Ulmus,0.17083559630640507,-0.16238296045950798,negativo,False
Acer,Populus,0.3026169919144377,-0.14539278147038268,negativo,False
Acer,Fraxinus,0.8142356082388608,0.033136672907198905,positivo,False
Acer,Tilia,0.4859022419888649,0.09725925095006543,positivo,False
Acer,Juglans,0.37881863045837083,-0.12345212015846557,negativo,False
Acer,Pistacia,0.8519836387165943,0.02255887256999059,positivo,False
Acer,Rhamnus,0.499367435916077,-0.09491796464716282,negativo,False
Acer,Buxus,0.669168685970387,-0.06008033747691997,negativo,False
Acer,Sambucus,0.3134494612474487,-0.14038391171526918,negativo,False
Acer,Viburnum,0.3194719342398625,-0.13786638173589844,negativo,False
Acer,Tamarix,0.3981070505174674,-0.11253016074285752,negativo,False
Acer,Thymelaeaceae,0.5324881034216149,-0.08772831366140656,negativo,False
Acer,Ephedra distachya,0.8142752126556506,-0.031637155985145785,negativo,False
Acer,Ephedra fragilis,0.950097257601576,0.00889356602612583,positivo,False
Acer,Ericaceae,0.22490246307213038,-0.16947270536991002,negativo,False
Acer,Hereda helix,0.30708031603597125,-0.14299723517077512,negativo,False
Acer,Lonicera,0.5872022775775092,-0.07626987263808467,negativo,False
Acer,Oleaceae,0.25482640068402745,-0.15711470037336112,negativo,False
Acer,Myrtus,0.3788186162542563,-0.12345212377130707,negativo,False
Acer,Poaceae,0.6759682523011945,-0.05781177590028324,negativo,False
Acer,Artemisia,0.7501074051182872,-0.03243805101242245,negativo,False
Acer,Cichorioideae,0.8569737248179208,-0.01971006902390915,negativo,False
Acer,Asteroideae,0.15048990932957165,-0.19574927135625114,negativo,False
Acer,Cardueae,0.7793662867783626,-0.03839659839920245,negativo,False
Acer,Rubiaceae,0.6490567980403833,-0.061754224433628414,negativo,False
Acer,Centaurea,0.791763558037194,-0.03736065244627354,negativo,False
Acer,Chenopodiaceae,0.2495359447691086,0.15737478805084282,positivo,False
Acer,Caryophyllaceae,0.35410435782357697,-0.12258146279702317,negativo,False
Acer,Plantago,0.3788186151204206,-0.12345212413091625,negativo,False
Acer,Brassicaceae,0.6567857108117063,-0.06100935188108883,negativo,False
Acer,Saxifragaceae,0.5147338345410464,-0.09022286720871783,negativo,False
Acer,Fabaceae,0.534707986253036,-0.07795249264760543,negativo,False
Acer,Genista,0.8350175454683992,-0.0271809761618991,negativo,False
Acer,Lotus type,0.3228791010708505,-0.13425307175728907,negativo,False
Acer,Trifolium type,0.10159868239118566,-0.22128458838304416,negativo,False
Acer,Rosaceae,0.06940939903925437,-0.20152522063593825,negativo,False
Acer,Boraginaceae,0.6691687677452365,-0.06008032171137609,negativo,False
Acer,Sedum,0.7275317954632188,-0.03328819108081388,negativo,False
Acer,Helianthemum,0.2376988611970559,-0.15886407479618186,negativo,False
Acer,Lamiaceae,0.6152253123162026,-0.06953978554790977,negativo,False
Acer,Urticaceae,0.9469168300966104,0.009093887759916541,positivo,False
Acer,Rumex,0.7337392154425948,-0.04756304722769078,negativo,False
Acer,Berberidaceae,0.42910590739293897,-0.11101534643783839,negativo,False
Acer,Euphorbiaceae,0.6691685907517013,-0.06008035575273259,negativo,False
Acer,Primulaceae,0.7106141731600997,-0.05006027353351976,negativo,False
Acer,Scrophulariaceae,0.9616388907250494,-0.006717593002474029,negativo,False
Acer,Papaver,0.6597694015736628,-0.05892042609362931,negativo,False
Acer,Campanulaceae,0.6827690798267199,-0.05908070991659189,negativo,False
Acer,Convolvulaceae,0.6691686623209756,-0.06008034199593004,negativo,False
Acer,Liliaceae,0.9027400742266838,-0.017456503915814686,negativo,False
Acer,Iridaceae,0.7550259747132713,0.04394463039747582,positivo,False
Acer,Crassulaceae,0.8282771348922033,-0.029591341530746863,negativo,False
Acer,Ranunculaceae,0.8071352501309383,-0.03410688025333666,negativo,False
Acer,Cistaceae,0.39838673853587747,-0.11776113823143669,negativo,False
Acer,Apiaceae,0.08481718926276406,-0.2334832758728713,negativo,False
Acer,Valerianaceae,0.41863378666207285,-0.09941002983661719,negativo,False
Acer,Ranunculus,0.12468930540347249,-0.20393065222866194,negativo,False
Fraxinus,Pinus,0.06779192885206246,0.17742945966972157,positivo,False
Fraxinus,Juniperus,0.29719223478456835,-0.13924119432141388,negativo,False
Fraxinus,Taxus,0.5875503356186879,-0.07646674715224344,negativo,False
Fraxinus,Betula,0.5116254901340215,-0.08040595228392416,negativo,False
Fraxinus,Corylus,0.6959509599610694,0.051095041815815034,positivo,False
Fraxinus,Salix,0.29309563630264385,-0.14263199329985615,negativo,False
Fraxinus,Ulmus,0.5882685731460953,0.06486465522791007,positivo,False
Fraxinus,Populus,0.4473359285304984,0.10607090892263567,positivo,False
Fraxinus,Acer,0.43691284240792494,-0.10864094838798422,negativo,False
Fraxinus,Tilia,0.4961647250297503,0.09231831365313964,positivo,False
Fraxinus,Juglans,0.37704578891098706,0.12333890323400963,positivo,False
Fraxinus,Pistacia,0.18175979609818793,-0.16106652921392742,negativo,False
Fraxinus,Rhamnus,0.4279931451395893,-0.11044628131147788,negativo,False
Fraxinus,Buxus,0.7776157711234947,-0.03966634489434327,negativo,False
Fraxinus,Sambucus,0.4905557702171739,-0.0956947266786744,negativo,False
Fraxinus,Viburnum,0.23170308024384137,0.16560998676256827,positivo,False
Fraxinus,Tamarix,0.28725533560307986,-0.14102744393017178,negativo,False
Fraxinus,Thymelaeaceae,0.7450083629033781,-0.04811354612995242,negativo,False
Fraxinus,Ephedra distachya,0.04648235633633354,0.2615309758758073,positivo,True
Fraxinus,Ephedra fragilis,0.005388900243991172,0.3661203097745133,positivo,True
Fraxinus,Ericaceae,0.8592594522608658,0.024531600344587817,positivo,False
Fraxinus,Hereda helix,0.47624431195388073,0.09956190207896219,positivo,False
Fraxinus,Lonicera,0.9645186901777282,-0.006280569314441792,negativo,False
Fraxinus,Oleaceae,0.18279021359938166,0.18223752382609282,positivo,False
Fraxinus,Myrtus,0.37704581456939956,0.12333889664334571,positivo,False
Fraxinus,Poaceae,0.4576672352797416,-0.10789474831591979,negativo,False
Fraxinus,Artemisia,0.7374183214233797,-0.03369355306122443,negativo,False
Fraxinus,Cichorioideae,0.04298450710661402,0.22000608029562752,positivo,True
Fraxinus,Asteroideae,0.9232810547252132,0.013291462579452698,positivo,False
Fraxinus,Cardueae,0.2762111698282676,0.14788833233856047,positivo,False
Fraxinus,Rubiaceae,0.3818895344534651,-0.11699402601310338,negativo,False
Fraxinus,Centaurea,0.07867226883270784,0.24083242916716038,positivo,False
Fraxinus,Chenopodiaceae,0.8249943886835958,-0.030539005447300094,negativo,False
Fraxinus,Caryophyllaceae,0.4158883373943537,0.10646075801502942,positivo,False
Fraxinus,Plantago,1.907961936229776e-05,0.5321523619044664,positivo,True
Fraxinus,Brassicaceae,0.2022917227407547,0.17300527155427714,positivo,False
Fraxinus,Saxifragaceae,0.3025338740014239,0.14296976855938348,positivo,False
Fraxinus,Fabaceae,0.5273127271285514,0.07963830449086953,positivo,False
Fraxinus,Genista,0.5277252823303797,-0.08230141622665217,negativo,False
Fraxinus,Lotus type,0.548500101132348,0.0825989898652427,positivo,False
Fraxinus,Trifolium type,0.021523010300474727,0.31382364809603225,positivo,True
Fraxinus,Rosaceae,0.6174488353010716,-0.05690380341774426,negativo,False
Fraxinus,Boraginaceae,0.00013670292948574694,0.48591266047738235,positivo,True
Fraxinus,Sedum,0.774051783372705,0.02729677532659519,positivo,False
Fraxinus,Helianthemum,0.014163142952356203,0.31697170116342976,positivo,True
Fraxinus,Lamiaceae,0.14363116525016473,-0.1999092417323602,negativo,False
Fraxinus,Urticaceae,0.10871535038573969,-0.2148996008575199,negativo,False
Fraxinus,Rumex,0.29809596504875746,-0.14458652129769992,negativo,False
Fraxinus,Berberidaceae,0.6884588371301972,-0.05781963412621596,negativo,False
Fraxinus,Euphorbiaceae,0.7776158707415,-0.0396663266398092,negativo,False
Fraxinus,Primulaceae,0.7910805576379275,0.03574544243866744,positivo,False
Fraxinus,Scrophulariaceae,0.8665734711713058,0.023284647388028903,positivo,False
Fraxinus,Papaver,0.40882689523336135,-0.10994618426188647,negativo,False
Fraxinus,Campanulaceae,0.25009984093487336,-0.15866380567207383,negativo,False
Fraxinus,Convolvulaceae,0.00013670287380008434,0.4859126704778704,positivo,True
Fraxinus,Liliaceae,0.790004851837233,-0.036682850816288054,negativo,False
Fraxinus,Iridaceae,3.278512429647025e-06,0.5701281512960028,positivo,True
Fraxinus,Crassulaceae,0.250012997408847,-0.15450603758135423,negativo,False
Fraxinus,Ranunculaceae,0.6723206838447935,-0.06038714294245494,negativo,False
Fraxinus,Cistaceae,0.0003955194422322536,0.4565217341483986,positivo,True
Fraxinus,Apiaceae,0.5259495754112873,0.08842161236188704,positivo,False
Fraxinus,Valerianaceae,0.05887510660489744,0.2296918709822106,positivo,False
Fraxinus,Ranunculus,0.20913409391398047,0.1695753764006842,positivo,False
Tilia,Pinus,0.04959738563425664,0.18928777201221225,positivo,True
Tilia,Juniperus,0.7712623023341697,0.039270091809012586,positivo,False
Tilia,Taxus,0.00034640288007941515,0.4582904169711946,positivo,True
Tilia,Betula,0.6365989823618111,-0.05835747607683661,negativo,False
Tilia,Corylus,0.767037780433316,0.038649881830471355,positivo,False
Tilia,Salix,0.7360117993312121,0.04672700600079083,positivo,False
Tilia,Ulmus,0.8985279034283926,-0.015554190462581441,negativo,False
Tilia,Populus,0.9221662542061765,0.013757890699712096,positivo,False
Tilia,Acer,0.7905116716153082,0.038148033552251576,positivo,False
Tilia,Fraxinus,0.005831988344050578,0.3667814657531019,positivo,True
Tilia,Juglans,0.575278564800543,-0.07848235014819771,negativo,False
Tilia,Pistacia,0.19666628068658762,-0.15572164793723633,negativo,False
Tilia,Rhamnus,0.5002987911761967,0.09400647120832206,positivo,False
Tilia,Buxus,0.7844642102406305,-0.038411234822916425,negativo,False
Tilia,Sambucus,0.4170979150199855,-0.11288520210860659,negativo,False
Tilia,Viburnum,0.5776081162252596,-0.07772269129948466,negativo,False
Tilia,Tamarix,0.44477948568436043,-0.101922751373059,negativo,False
Tilia,Thymelaeaceae,0.6900610977051799,-0.055968632178113736,negativo,False
Tilia,Ephedra distachya,0.5120448020598201,-0.08785813039134269,negativo,False
Tilia,Ephedra fragilis,0.6533820531328003,0.06223740574126566,positivo,False
Tilia,Ericaceae,0.3320251266686165,-0.1334168008305623,negativo,False
Tilia,Hereda helix,0.9080455193418391,0.01619779581188322,positivo,False
Tilia,Lonicera,0.5623593748968481,-0.08131956451826453,negativo,False
Tilia,Oleaceae,0.11064015468862833,-0.22050879311416158,negativo,False
Tilia,Myrtus,0.8052747675010403,0.034596295071094,positivo,False
Tilia,Poaceae,0.6073126335740877,0.07117077566528242,positivo,False
Tilia,Artemisia,0.9215559334552027,0.010085669292749164,positivo,False
Tilia,Cichorioideae,0.9966446967479335,0.00045509826366241235,positivo,False
Tilia,Asteroideae,0.27444277972404746,-0.14958348073697278,negativo,False
Tilia,Cardueae,0.06970389395343835,0.28157960827669154,positivo,False
Tilia,Rubiaceae,0.9761736815361686,-0.003990298572879154,negativo,False
Tilia,Centaurea,0.5107824993064272,-0.09203956034127479,negativo,False
Tilia,Chenopodiaceae,0.09929171439937622,0.2235642171601503,positivo,False
Tilia,Caryophyllaceae,0.3658173496035114,-0.11908467652098187,negativo,False
Tilia,Plantago,0.5752785716593869,-0.07848234869018458,negativo,False
Tilia,Brassicaceae,0.4107923888651682,-0.11256927942575608,negativo,False
Tilia,Saxifragaceae,0.385492702836567,-0.12069469880220461,negativo,False
Tilia,Fabaceae,0.9320704984989028,-0.01075544748836553,negativo,False
Tilia,Genista,0.2204267884214562,0.1658102663281928,positivo,False
Tilia,Lotus type,0.42096168915295684,0.10895288964713315,positivo,False
Tilia,Trifolium type,0.30377330939616093,-0.1417863566824954,negativo,False
Tilia,Rosaceae,0.5061718352339035,-0.07380435959490739,negativo,False
Tilia,Boraginaceae,0.7844642446333362,-0.03841122856004668,negativo,False
Tilia,Sedum,0.5583152569180452,-0.05836082999657344,negativo,False
Tilia,Helianthemum,0.8484575469726481,-0.025507359409447372,negativo,False
Tilia,Lamiaceae,0.6002914605404037,-0.0728423348747187,negativo,False
Tilia,Urticaceae,0.985597017813145,0.00246288686929233,positivo,False
Tilia,Rumex,0.5239470773989674,0.08839136271329011,positivo,False
Tilia,Berberidaceae,0.6648258020212254,-0.06097017406038914,negativo,False
Tilia,Euphorbiaceae,0.7844642298306963,-0.03841123121414955,negativo,False
Tilia,Primulaceae,0.5309939378944193,-0.08784830110005146,negativo,False
Tilia,Scrophulariaceae,0.46581385603502834,0.10474471937102653,positivo,False
Tilia,Papaver,0.9716157798029171,0.004841008358165401,positivo,False
Tilia,Campanulaceae,0.5274835750165103,-0.0877029177247132,negativo,False
Tilia,Convolvulaceae,0.7844642342406405,-0.03841123045427527,negativo,False
Tilia,Liliaceae,0.2178119445774339,-0.16883931353630519,negativo,False
Tilia,Iridaceae,0.46517561849614597,-0.10206538358854658,negativo,False
Tilia,Crassulaceae,0.936089738270309,-0.01091566997453531,negativo,False
Tilia,Ranunculaceae,0.7016665809164526,-0.05318732599067893,negativo,False
Tilia,Cistaceae,0.6065965107774651,-0.07209374878341329,negativo,False
Tilia,Apiaceae,0.7495468225225688,-0.044638381770023244,negativo,False
Tilia,Valerianaceae,0.659249377454239,-0.05407031742138166,negativo,False
Tilia,Ranunculus,0.5877341830908487,-0.07292357587823634,negativo,False
Juglans,Pinus,0.2983118738048618,-0.10325041939591217,negativo,False
Juglans,Juniperus,0.18228508899288273,-0.1777657022111908,negativo,False
Juglans,Taxus,0.4992879667086334,-0.0943396282249453,negativo,False
Juglans,Betula,0.2936396852801547,0.12909716778904123,positivo,False
Juglans,Corylus,0.7191950392360584,0.04683375504880377,positivo,False
Juglans,Salix,0.2584440830071681,0.15284756494557244,positivo,False
Juglans,Ulmus,0.4481848326029788,-0.09602954797011132,negativo,False
Juglans,Populus,0.5425608041506524,-0.08716412190844428,negativo,False
Juglans,Acer,0.4651080900095773,-0.10203695664465307,negativo,False
Juglans,Fraxinus,0.015077971694829544,0.3269962703665069,positivo,True
Juglans,Tilia,0.6881582151984306,-0.05454370825090081,negativo,False
Juglans,Pistacia,0.15769543682609766,0.16786926726932,positivo,False
Juglans,Rhamnus,0.6059142792156947,-0.0729051336520147,negativo,False
Juglans,Buxus,0.79047689504214,-0.03731198306304769,negativo,False
Juglans,Sambucus,0.3756519464365228,0.12309202831682338,positivo,False
Juglans,Viburnum,0.5886307133648634,-0.07547170460625469,negativo,False
Juglans,Tamarix,0.5378997386287555,0.08867607282034057,positivo,False
Juglans,Thymelaeaceae,0.6984981992336777,-0.054362398494068695,negativo,False
Juglans,Ephedra distachya,0.5202866476432928,-0.0865689489538394,negativo,False
Juglans,Ephedra fragilis,0.8164947993582605,-0.03265428939643325,negativo,False
Juglans,Ericaceae,0.4580496614393048,-0.10298155577518442,negativo,False
Juglans,Hereda helix,0.5286657654034973,-0.08808477343277321,negativo,False
Juglans,Lonicera,0.43594197093549625,-0.1087725394111442,negativo,False
Juglans,Oleaceae,0.7103320361281863,-0.05773642013374147,negativo,False
Juglans,Myrtus,0.7367951608155474,-0.051020410535575,negativo,False
Juglans,Poaceae,0.237366769624898,0.17077152746570184,positivo,False
Juglans,Artemisia,0.7678804421469001,-0.03048361425860943,negativo,False
Juglans,Cichorioideae,0.13170141908674887,-0.1604189247021065,negativo,False
Juglans,Asteroideae,0.6361586395585264,0.06712944721108757,positivo,False
Juglans,Cardueae,0.2609389168293889,-0.153656959116632,negativo,False
Juglans,Rubiaceae,0.17730656647035067,0.1789655669504824,positivo,False
Juglans,Centaurea,0.5230984605639487,-0.08936150054637737,negativo,False
Juglans,Chenopodiaceae,0.02035130982905484,0.30761088897851885,positivo,True
Juglans,Caryophyllaceae,0.612205500155541,-0.06793454596196877,negativo,False
Juglans,Plantago,0.6902634799358965,-0.0573394454373618,negativo,False
Juglans,Brassicaceae,0.4615992558757991,0.10150660736624273,positivo,False
Juglans,Saxifragaceae,0.09608666262977983,0.2260567635203049,positivo,False
Juglans,Fabaceae,0.8247090429191528,-0.027852007712281163,negativo,False
Juglans,Genista,0.7413121977419701,-0.04334782618707997,negativo,False
Juglans,Lotus type,0.6880840153427377,-0.054718977915477474,negativo,False
Juglans,Trifolium type,0.07548155867547796,0.23865891435075182,positivo,False
Juglans,Rosaceae,0.9784333269502964,-0.00310016150153003,negativo,False
Juglans,Boraginaceae,0.7904769080745135,-0.03731198066158104,negativo,False
Juglans,Sedum,0.5864491705303776,-0.051917910325184224,negativo,False
Juglans,Helianthemum,0.2519033831378752,-0.1513846610952379,negativo,False
Juglans,Lamiaceae,0.1222580239574642,0.21377554421134554,positivo,False
Juglans,Urticaceae,0.8347546928679408,-0.028424697407249733,negativo,False
Juglans,Rumex,0.5864216254677981,0.0754391082381356,positivo,False
Juglans,Berberidaceae,0.6244262617804552,-0.06863444518427225,negativo,False
Juglans,Euphorbiaceae,0.007320161242314047,0.35819497223996954,positivo,True
Juglans,Primulaceae,0.6727754676485526,0.058064789001873424,positivo,False
Juglans,Scrophulariaceae,0.09597539968254952,0.2256894896118869,positivo,False
Juglans,Papaver,0.14916228556196712,0.19236988006457556,positivo,False
Juglans,Campanulaceae,0.7472639501031014,-0.04535191052034765,negativo,False
Juglans,Convolvulaceae,0.7904769793517363,-0.03731196768944727,negativo,False
Juglans,Liliaceae,0.9139513546258515,0.014913003769481042,positivo,False
Juglans,Iridaceae,0.8881131207260613,-0.01976159609445943,negativo,False
Juglans,Crassulaceae,0.14240400995636088,0.19593372055713834,positivo,False
Juglans,Ranunculaceae,0.042854481124522045,0.274198281408208,positivo,True
Juglans,Cistaceae,0.6387803787900148,-0.06611121973766668,negativo,False
Juglans,Apiaceae,0.6569840272136998,0.06121341973244043,positivo,False
Juglans,Valerianaceae,0.6170003584216894,-0.06131180516954954,negativo,False
Juglans,Ranunculus,0.779078996194549,-0.03766636524197267,negativo,False
Pistacia,Pinus,0.39027035152694334,0.08831608993078088,positivo,False
Pistacia,Juniperus,0.5455623040436368,0.0849532506256358,positivo,False
Pistacia,Taxus,0.5768829481723605,0.0782373541765363,positivo,False
Pistacia,Betula,0.4934860545539339,-0.08869041003827671,negativo,False
Pistacia,Corylus,0.8858093642817598,-0.018780281475519578,negativo,False
Pistacia,Salix,0.9737399402826257,-0.004529794235685003,negativo,False
Pistacia,Ulmus,0.5397454893510512,-0.07513582238272104,negativo,False
Pistacia,Populus,0.33785019328515975,-0.13555842018461117,negativo,False
Pistacia,Acer,0.6790845095538118,-0.05782724774875099,negativo,False
Pistacia,Fraxinus,0.5813817102215254,-0.07819490399876439,negativo,False
Pistacia,Tilia,0.9596744978638008,-0.0069644465560314145,negativo,False
Pistacia,Juglans,0.26890511847748294,-0.15378593496199244,negativo,False
Pistacia,Rhamnus,0.6949083918201203,0.05503799130204039,positivo,False
Pistacia,Buxus,0.41475716375401395,0.11458309938967115,positivo,False
Pistacia,Sambucus,0.9199666275249886,0.014017908621074764,positivo,False
Pistacia,Viburnum,0.5297118736846977,0.08752332896990817,positivo,False
Pistacia,Tamarix,0.08418304704762446,-0.22684091035938586,negativo,False
Pistacia,Thymelaeaceae,0.8783984220274059,0.021652759232632993,positivo,False
Pistacia,Ephedra distachya,0.14554627225372208,-0.2029027928996186,negativo,False
Pistacia,Ephedra fragilis,0.9699976009157357,-0.005250069079645425,negativo,False
Pistacia,Ericaceae,0.40788181737071505,0.1153907517025346,positivo,False
Pistacia,Hereda helix,0.8634429740037708,0.024461573186670395,positivo,False
Pistacia,Lonicera,0.03714458562987007,0.2844115433970993,positivo,True
Pistacia,Oleaceae,0.3288635558233126,0.13470571887622101,positivo,False
Pistacia,Myrtus,0.92148090208917,-0.013998410446600905,negativo,False
Pistacia,Poaceae,0.7074450685913062,-0.052049658623581255,negativo,False
Pistacia,Artemisia,0.9238455683654148,-0.010254550324335976,negativo,False
Pistacia,Cichorioideae,0.1996173234614696,-0.13833820725849072,negativo,False
Pistacia,Asteroideae,0.5471771558297607,0.0834366001116523,positivo,False
Pistacia,Cardueae,0.3022362619864411,-0.14124351478099859,negativo,False
Pistacia,Rubiaceae,0.6026477696188077,0.07678166326498675,positivo,False
Pistacia,Centaurea,0.9131463237328582,-0.015272926699942093,negativo,False
Pistacia,Chenopodiaceae,0.39243339679127787,-0.11746995909437088,negativo,False
Pistacia,Caryophyllaceae,0.626357059578228,0.06391100249653056,positivo,False
Pistacia,Plantago,0.5485241063404079,-0.08423983025931427,negativo,False
Pistacia,Brassicaceae,0.10429592254858214,-0.22283675724805074,negativo,False
Pistacia,Saxifragaceae,0.8506335410549067,0.026223457065153673,positivo,False
Pistacia,Fabaceae,0.039442005507306505,-0.2575235742422366,negativo,True
Pistacia,Genista,0.65308404548944,-0.0585587034008546,negativo,False
Pistacia,Lotus type,0.1682897139448645,-0.1864295439532498,negativo,False
Pistacia,Trifolium type,0.42202167390867396,-0.10965375924844928,negativo,False
Pistacia,Rosaceae,0.751028075126882,0.03553463448016969,positivo,False
Pistacia,Boraginaceae,0.5636893935998809,-0.08131706554171018,negativo,False
Pistacia,Sedum,0.8220446261657117,-0.022697275343710244,negativo,False
Pistacia,Helianthemum,0.4528801110606504,-0.10166288924615072,negativo,False
Pistacia,Lamiaceae,0.7758571439831985,0.03963999507096353,positivo,False
Pistacia,Urticaceae,0.8144037308708254,-0.03227042004134925,negativo,False
Pistacia,Rumex,0.4004029140442852,0.11722838749093457,positivo,False
Pistacia,Berberidaceae,0.8477723028064932,-0.026967179920522583,negativo,False
Pistacia,Euphorbiaceae,0.5802914235427492,-0.07816976398371733,negativo,False
Pistacia,Primulaceae,0.48042614191092947,-0.09725822628168906,negativo,False
Pistacia,Scrophulariaceae,0.19062828363654785,-0.18420231225098538,negativo,False
Pistacia,Papaver,0.2493167994277692,-0.157033174483526,negativo,False
Pistacia,Campanulaceae,0.9608423645458072,0.006984932289291104,positivo,False
Pistacia,Convolvulaceae,0.5636894897636048,-0.08131704562317187,negativo,False
Pistacia,Liliaceae,0.13288060392299103,-0.2036562590886188,negativo,False
Pistacia,Iridaceae,0.4939025583975267,-0.09582732427848065,negativo,False
Pistacia,Crassulaceae,0.5302616462390501,-0.08739881452139887,negativo,False
Pistacia,Ranunculaceae,0.4675208982587672,-0.10251898542426217,negativo,False
Pistacia,Cistaceae,0.19720021954884617,-0.1810829223152855,negativo,False
Pistacia,Apiaceae,0.7153989442346689,-0.05040724625409741,negativo,False
Pistacia,Valerianaceae,0.9081928391751101,-0.014290305342083642,negativo,False
Pistacia,Ranunculus,0.1842954136952711,0.17780159823352293,positivo,False
Rhamnus,Pinus,0.276929606378791,-0.10715244315224515,negativo,False
Rhamnus,Juniperus,0.09378391868161053,-0.22674287617867755,negativo,False
Rhamnus,Taxus,0.738424014912558,0.051658562559447285,positivo,False
Rhamnus,Betula,0.36193888073642366,0.11134663594251593,positivo,False
Rhamnus,Corylus,0.3815122148631148,0.11350627160253696,positivo,False
Rhamnus,Salix,0.925899908947553,-0.012690165468902559,negativo,False
Rhamnus,Ulmus,0.5990719377978653,0.06313273518066786,positivo,False
Rhamnus,Populus,0.017031018166264945,0.34086107373309205,positivo,True
Rhamnus,Acer,0.24444328139364935,0.1624222224302803,positivo,False
Rhamnus,Fraxinus,0.0044422077004461396,0.3780542039683969,positivo,True
Rhamnus,Tilia,0.9759828801672055,-0.004105488959640136,negativo,False
Rhamnus,Juglans,0.5638872415954853,-0.08196203745176776,negativo,False
Rhamnus,Pistacia,0.9640485949668778,-0.005469542080603851,negativo,False
Rhamnus,Buxus,0.7560161298390295,-0.04802773850969166,negativo,False
Rhamnus,Sambucus,0.47178823927031943,0.10085692049229823,positivo,False
Rhamnus,Viburnum,0.48069723924942653,-0.09855010688581213,negativo,False
Rhamnus,Tamarix,0.1007835956505784,0.21499089474480276,positivo,False
Rhamnus,Thymelaeaceae,0.0003726261069318144,0.47520295097137444,positivo,True
Rhamnus,Ephedra distachya,0.40119209764076036,-0.11322317248026924,negativo,False
Rhamnus,Ephedra fragilis,0.363882225331673,-0.12566172398521408,negativo,False
Rhamnus,Ericaceae,0.6843892119998819,0.05618468285985653,positivo,False
Rhamnus,Hereda helix,0.624608751396712,-0.0784836119498863,negativo,False
Rhamnus,Lonicera,0.7196569639469075,0.050318299775793836,positivo,False
Rhamnus,Oleaceae,0.9428081561475801,-0.009917355217946802,negativo,False
Rhamnus,Myrtus,0.6479586173351235,-0.07588491942077176,negativo,False
Rhamnus,Poaceae,0.28884917941774313,0.14608011006738747,positivo,False
Rhamnus,Artemisia,0.6980555470489804,-0.03903906121235268,negativo,False
Rhamnus,Cichorioideae,0.46227462144541354,0.08020858670499531,positivo,False
Rhamnus,Asteroideae,0.27985617461249823,0.15024034973053085,positivo,False
Rhamnus,Cardueae,0.5693310344369995,0.07782322636330988,positivo,False
Rhamnus,Rubiaceae,0.8103160303815553,0.03208418045691604,positivo,False
Rhamnus,Centaurea,0.39102381787611284,0.12019586203130653,positivo,False
Rhamnus,Chenopodiaceae,0.7738779983963562,0.04017947154402429,positivo,False
Rhamnus,Caryophyllaceae,0.9735873254292029,0.004355913669690598,positivo,False
Rhamnus,Plantago,0.4783174686002435,-0.09937312081387648,negativo,False
Rhamnus,Brassicaceae,0.5623543651602343,0.08032965439036222,positivo,False
Rhamnus,Saxifragaceae,0.06115535581189067,0.2577548913161573,positivo,False
Rhamnus,Fabaceae,0.8439912422799922,0.024954885999719262,positivo,False
Rhamnus,Genista,0.22142386055955932,-0.1625727768537033,negativo,False
Rhamnus,Lotus type,0.3642016303435741,0.12424286091404568,positivo,False
Rhamnus,Trifolium type,0.0061765282649516645,0.3667612411209906,positivo,True
Rhamnus,Rosaceae,0.03251872373854574,0.2300317537428856,positivo,True
Rhamnus,Boraginaceae,0.7298438085699768,-0.04852265435670122,negativo,False
Rhamnus,Sedum,0.2995423720721604,0.09886410874008694,positivo,False
Rhamnus,Helianthemum,0.7705249448100002,-0.03898403021168609,negativo,False
Rhamnus,Lamiaceae,0.7546278663384072,0.043229589198208344,positivo,False
Rhamnus,Urticaceae,0.9513893605769381,0.0083654284075666,positivo,False
Rhamnus,Rumex,0.37132372084033327,-0.1276686115998054,negativo,False
Rhamnus,Berberidaceae,0.5237874149672808,-0.08943104321376238,negativo,False
Rhamnus,Euphorbiaceae,0.18199687420500638,0.18526823537320333,positivo,False
Rhamnus,Primulaceae,0.49961259068162334,-0.0909771838947381,negativo,False
Rhamnus,Scrophulariaceae,0.5122170312832282,0.09246569949993069,positivo,False
Rhamnus,Papaver,0.3644566923365764,0.12098562950920481,positivo,False
Rhamnus,Campanulaceae,0.9079575612144061,0.016098452056083123,positivo,False
Rhamnus,Convolvulaceae,0.7298439174471345,-0.04852263414601433,negativo,False
Rhamnus,Liliaceae,0.931431381711752,0.01185721800710754,positivo,False
Rhamnus,Iridaceae,0.35876644409148495,-0.1283234035964076,negativo,False
Rhamnus,Crassulaceae,0.21089830024263415,0.16960961789803286,positivo,False
Rhamnus,Ranunculaceae,0.03556175596606292,0.30328312460093293,positivo,True
Rhamnus,Cistaceae,0.44642111496322634,-0.10663067126077702,negativo,False
Rhamnus,Apiaceae,0.3982769346223717,0.11634469596322797,positivo,False
Rhamnus,Valerianaceae,0.01642854682124841,0.28354064961751374,positivo,True
Rhamnus,Ranunculus,0.06798049166211201,-0.26403909329817093,negativo,False
Buxus,Pinus,0.40238901533132876,-0.08336793477014237,negativo,False
Buxus,Juniperus,0.7556610166191636,-0.04183053242970852,negativo,False
Buxus,Taxus,0.7286421270544055,-0.048412301526285076,negativo,False
Buxus,Betula,0.4632872037718587,-0.08963443582359926,negativo,False
Buxus,Corylus,0.8994510940902382,0.016645605064399382,positivo,False
Buxus,Salix,0.9266007924450531,0.012696021248696954,positivo,False
Buxus,Ulmus,0.14327150042155565,-0.17353946758442168,negativo,False
Buxus,Populus,0.009358656857229225,0.347515743776294,positivo,True
Buxus,Acer,1.1677198233732024e-06,0.5828221681079291,positivo,True
Buxus,Fraxinus,0.7639442600800281,-0.041999658926234515,negativo,False
Buxus,Tilia,0.836341050871517,-0.02802980679674094,negativo,False
Buxus,Juglans,0.7795476949619158,-0.03917758082235835,negativo,False
Buxus,Pistacia,0.5251386941597416,-0.07658310589655999,negativo,False
Buxus,Rhamnus,0.9840475456368675,0.0030656050438315485,positivo,False
Buxus,Sambucus,0.853235525332887,0.030684620311406202,positivo,False
Buxus,Viburnum,0.7810404114312259,-0.03872983956966391,negativo,False
Buxus,Tamarix,0.37298259337657924,0.11844643993666715,positivo,False
Buxus,Thymelaeaceae,0.9999999153005028,1.9680619488260387e-08,positivo,False
Buxus,Ephedra distachya,0.7414507304298639,-0.04434908033100962,negativo,False
Buxus,Ephedra fragilis,0.5524259341358104,-0.08253681649281705,negativo,False
Buxus,Ericaceae,0.704097302893916,-0.05255216003577173,negativo,False
Buxus,Hereda helix,0.8199157426613097,0.04476736115805029,positivo,False
Buxus,Lonicera,0.6931733545491616,-0.055326794792782956,negativo,False
Buxus,Oleaceae,0.6677607293323935,0.05960875543532909,positivo,False
Buxus,Myrtus,0.7795478192510927,-0.03917755813772643,negativo,False
Buxus,Poaceae,0.21201469103288828,-0.17209341423345736,negativo,False
Buxus,Artemisia,0.7373790599684906,-0.03373682400093972,negativo,False
Buxus,Cichorioideae,0.5413890831017054,0.0662694880401351,positivo,False
Buxus,Asteroideae,0.26110473267956447,-0.15385473452438178,negativo,False
Buxus,Cardueae,0.8838082055497025,-0.020484510828776253,negativo,False
Buxus,Rubiaceae,0.7149891527879833,-0.05159394208088693,negativo,False
Buxus,Centaurea,0.7431217969339452,-0.045779707914741466,negativo,False
Buxus,Chenopodiaceae,0.40810086483109975,0.11696616883210237,positivo,False
Buxus,Caryophyllaceae,0.3833930783631039,-0.11371327133234821,negativo,False
Buxus,Plantago,0.7795476950217924,-0.039177580740033593,negativo,False
Buxus,Brassicaceae,0.8811537354158742,0.020571271272017494,positivo,False
Buxus,Saxifragaceae,0.776383862805915,0.03949244427390698,positivo,False
Buxus,Fabaceae,0.3857815383387978,0.1090002640668577,positivo,False
Buxus,Genista,0.9015991090960611,-0.01622895979778774,negativo,False
Buxus,Lotus type,0.8278311326918737,0.029722237600165763,positivo,False
Buxus,Trifolium type,0.9919239415582377,-0.0013938005666607467,negativo,False
Buxus,Rosaceae,0.8229065401792466,-0.024890695058896073,negativo,False
Buxus,Boraginaceae,0.8910165402640999,-0.019230776477444884,negativo,False
Buxus,Sedum,0.7800872638982982,-0.026570280757996223,negativo,False
Buxus,Helianthemum,0.6898394350748087,-0.05332195777377505,negativo,False
Buxus,Lamiaceae,0.5456164749046639,0.08541976863265523,positivo,False
Buxus,Urticaceae,0.46909283256257095,-0.09837931867280278,negativo,False
Buxus,Rumex,0.617638183803579,-0.06932929323903703,negativo,False
Buxus,Berberidaceae,0.8010505611443077,-0.03530090161806179,negativo,False
Buxus,Euphorbiaceae,0.8910164318978073,-0.019230795700483503,negativo,False
Buxus,Primulaceae,0.43546660058449527,-0.10542168944964253,negativo,False
Buxus,Scrophulariaceae,0.6339571083497284,-0.06614739800738507,negativo,False
Buxus,Papaver,0.7472970254860172,-0.045144692608000137,negativo,False
Buxus,Campanulaceae,0.2235859752324294,0.16800218629660255,positivo,False
Buxus,Convolvulaceae,0.8910166445176531,-0.01923075796228408,negativo,False
Buxus,Liliaceae,0.5982590713430034,-0.07237501669639915,negativo,False
Buxus,Iridaceae,0.7214392194030412,-0.049972163255286084,negativo,False
Buxus,Crassulaceae,0.8043041660903816,0.03382530737542424,positivo,False
Buxus,Ranunculaceae,0.582973238730476,0.07787524634860182,positivo,False
Buxus,Cistaceae,0.7639442444424037,-0.04199966179558773,negativo,False
Buxus,Apiaceae,0.5783339089447872,-0.07709897376099781,negativo,False
Buxus,Valerianaceae,0.7969897134178104,-0.03149975186941466,negativo,False
Buxus,Ranunculus,0.6596470154004141,-0.05927564128720522,negativo,False
Sambucus,Pinus,0.5912206422310222,-0.05317345773227089,negativo,False
Sambucus,Juniperus,0.8519949143027096,0.026287521371380684,positivo,False
Sambucus,Taxus,0.35634191887363287,-0.12888795880597137,negativo,False
Sambucus,Betula,0.591767745195234,-0.06631002078818193,negativo,False
Sambucus,Corylus,0.7988311730341852,0.033585277233742106,positivo,False
Sambucus,Salix,0.44561348960188996,-0.10643049828044904,negativo,False
Sambucus,Ulmus,0.2446428794601773,-0.14005997119116492,negativo,False
Sambucus,Populus,0.2442523022052219,0.16206775599732876,positivo,False
Sambucus,Acer,0.027539546323087173,0.29900972911668205,positivo,True
Sambucus,Fraxinus,0.4812213711230964,-0.09836624583700755,negativo,False
Sambucus,Tilia,0.584746232186645,-0.07439627976361157,negativo,False
Sambucus,Juglans,0.3563351590241751,0.1290114010442462,positivo,False
Sambucus,Pistacia,0.2900809447150959,-0.12665820528697783,negativo,False
Sambucus,Rhamnus,0.7764526507382009,-0.03999032051870623,negativo,False
Sambucus,Buxus,0.7379685952219703,-0.056040500304379,negativo,False
Sambucus,Viburnum,0.9770594535191717,0.004062450506965354,positivo,False
Sambucus,Tamarix,0.7110544517516488,-0.04956536832630504,negativo,False
Sambucus,Thymelaeaceae,0.6623098351294474,-0.06546635139893144,negativo,False
Sambucus,Ephedra distachya,0.37975696487190214,-0.11850587399029151,negativo,False
Sambucus,Ephedra fragilis,0.5236168456426722,0.08880986837290275,positivo,False
Sambucus,Ericaceae,0.7586802923341094,0.0430732145245713,positivo,False
Sambucus,Hereda helix,0.5478320627769779,-0.08868813381137593,negativo,False
Sambucus,Lonicera,0.40371422580950733,-0.11659732785350888,negativo,False
Sambucus,Oleaceae,0.23546314670990462,0.16234769926192116,positivo,False
Sambucus,Myrtus,0.9290113935082127,0.012538192255872216,positivo,False
Sambucus,Poaceae,0.4394112784006946,-0.10659192864790928,negativo,False
Sambucus,Artemisia,0.5252967972779439,0.06463109584951503,positivo,False
Sambucus,Cichorioideae,0.7203575180609922,-0.04025100565116879,negativo,False
Sambucus,Asteroideae,0.2252421174138395,-0.16617089901877635,negativo,False
Sambucus,Cardueae,0.20572427711919128,-0.17140539463769924,negativo,False
Sambucus,Rubiaceae,0.5585158898449225,0.07942783307859484,positivo,False
Sambucus,Centaurea,0.35132834966376625,-0.12950593548187478,negativo,False
Sambucus,Chenopodiaceae,0.09795758050238958,0.2255485557965516,positivo,False
Sambucus,Caryophyllaceae,0.42751078830949096,-0.10469565527647798,negativo,False
Sambucus,Plantago,0.35633518498838257,0.12901139427439734,positivo,False
Sambucus,Brassicaceae,0.834840248647204,-0.029216458977955523,negativo,False
Sambucus,Saxifragaceae,0.8734190207677555,0.022204581968395476,positivo,False
Sambucus,Fabaceae,0.9896469702756265,0.0016316861332584809,positivo,False
Sambucus,Genista,0.9442817554487626,-0.00947941154282858,negativo,False
Sambucus,Lotus type,0.779135188000004,0.039395300581550635,positivo,False
Sambucus,Trifolium type,0.6476561300762782,-0.06315445370503611,negativo,False
Sambucus,Rosaceae,0.47072653366161066,0.08031224941292237,positivo,False
Sambucus,Boraginaceae,0.7181490659179164,-0.050720850248913735,negativo,False
Sambucus,Sedum,0.4574237355939932,-0.07115606368665145,negativo,False
Sambucus,Helianthemum,0.2530007046946241,-0.15366579459661453,negativo,False
Sambucus,Lamiaceae,0.7911719522132434,-0.03672939519204543,negativo,False
Sambucus,Urticaceae,0.46572298125588985,-0.10356049498483916,negativo,False
Sambucus,Rumex,0.3675972034523687,0.12497457978172662,positivo,False
Sambucus,Berberidaceae,0.505029228120489,-0.09352401291103539,negativo,False
Sambucus,Euphorbiaceae,0.7181489740790592,-0.05072086747426987,negativo,False
Sambucus,Primulaceae,0.6945118136853045,0.054002369916855635,positivo,False
Sambucus,Scrophulariaceae,0.3771273709784505,-0.12280388155375338,negativo,False
Sambucus,Papaver,0.2972858202224712,-0.1399551063119915,negativo,False
Sambucus,Campanulaceae,0.1284999919766747,0.20813176323908747,positivo,False
Sambucus,Convolvulaceae,0.7181489521029548,-0.05072087150549017,negativo,False
Sambucus,Liliaceae,0.5039179864298944,-0.09225869684538623,negativo,False
Sambucus,Iridaceae,0.9283145871176587,-0.012633857046512983,negativo,False
Sambucus,Crassulaceae,0.7809862814274777,-0.037948328671617584,negativo,False
Sambucus,Ranunculaceae,0.44521311367728944,-0.10591116826945907,negativo,False
Sambucus,Cistaceae,0.6219396989164634,0.07038831826448168,positivo,False
Sambucus,Apiaceae,0.47525155782235473,-0.09925206347666013,negativo,False
Sambucus,Valerianaceae,0.49561621264268907,-0.08365289711728571,negativo,False
Sambucus,Ranunculus,0.2611508790788514,-0.149967898422197,negativo,False
Viburnum,Pinus,0.526221889342781,-0.06676379083034445,negativo,False
Viburnum,Juniperus,0.7110045298675758,-0.049623780635294656,negativo,False
Viburnum,Taxus,0.43500737871635853,0.10909091524361457,positivo,False
Viburnum,Betula,0.7064179224242959,-0.04745875390915533,negativo,False
Viburnum,Corylus,0.4600869164754833,-0.09611608911414332,negativo,False
Viburnum,Salix,0.6511964409524427,-0.06151756588581908,negativo,False
Viburnum,Ulmus,0.48610596071756007,0.0844760119429121,positivo,False
Viburnum,Populus,0.9112189779035205,-0.015674941068395898,negativo,False
Viburnum,Acer,0.25559437591519835,0.15695954041805985,positivo,False
Viburnum,Fraxinus,0.48218154334884455,-0.09840165647258375,negativo,False
Viburnum,Tilia,0.6293889509200064,-0.06564415687870051,negativo,False
Viburnum,Juglans,0.5055083316238997,0.09329141446761162,positivo,False
Viburnum,Pistacia,0.5676761058946593,-0.06874942418243411,negativo,False
Viburnum,Rhamnus,0.36943028515344534,-0.1250938183473891,negativo,False
Viburnum,Buxus,0.7496600955140211,-0.04482619052852636,negativo,False
Viburnum,Sambucus,0.49082316743829124,-0.09680140425608477,negativo,False
Viburnum,Tamarix,0.841061784654235,-0.02706850650442602,negativo,False
Viburnum,Thymelaeaceae,0.6416030536923554,-0.06535053832910993,negativo,False
Viburnum,Ephedra distachya,0.6775337229637026,0.05588720326028602,positivo,False
Viburnum,Ephedra fragilis,0.9270885694252561,-0.012703118351140158,negativo,False
Viburnum,Ericaceae,0.9872263020159913,-0.0022149928874702907,negativo,False
Viburnum,Hereda helix,0.44824700336767964,-0.10606463028874577,negativo,False
Viburnum,Lonicera,0.6354893656472282,0.06695319998612512,positivo,False
Viburnum,Oleaceae,0.9498128820489941,0.008737570522385357,positivo,False
Viburnum,Myrtus,0.5127550131286778,-0.09171907166261485,negativo,False
Viburnum,Poaceae,0.983484563301884,-0.0028950642438038687,negativo,False
Viburnum,Artemisia,0.4826620931705309,-0.07148075719026806,negativo,False
Viburnum,Cichorioideae,0.9097439151871867,-0.01232596559080923,negativo,False
Viburnum,Asteroideae,0.5615272039329968,-0.08145966502839372,negativo,False
Viburnum,Cardueae,0.3464719804760402,-0.1290006706642243,negativo,False
Viburnum,Rubiaceae,0.3433375366345043,-0.12593851935772896,negativo,False
Viburnum,Centaurea,0.3188732866408612,-0.1410922884707351,negativo,False
Viburnum,Chenopodiaceae,0.2751646915450037,-0.15834780463537296,negativo,False
Viburnum,Caryophyllaceae,0.6573898749205989,-0.059073179607921855,negativo,False
Viburnum,Plantago,0.5746031923904489,-0.07881463821937208,negativo,False
Viburnum,Brassicaceae,0.8255466314297,0.030455779679939232,positivo,False
Viburnum,Saxifragaceae,0.8122944086471,-0.03382172632194944,negativo,False
Viburnum,Fabaceae,0.30124071932265467,-0.12905804294518755,negativo,False
Viburnum,Genista,0.7109834957944652,-0.04812760878769731,negativo,False
Viburnum,Lotus type,0.22684422607660337,-0.16411458043145238,negativo,False
Viburnum,Trifolium type,0.48210204370961884,-0.09591947678654639,negativo,False
Viburnum,Rosaceae,0.8640974619640255,-0.01946582871374347,negativo,False
Viburnum,Boraginaceae,0.7496600884198559,-0.0448261919076153,negativo,False
Viburnum,Sedum,0.5123357066433274,-0.0626409868708277,negativo,False
Viburnum,Helianthemum,0.6987596796818043,0.05158474240433275,positivo,False
Viburnum,Lamiaceae,0.35418200668102673,0.12870657823117626,positivo,False
Viburnum,Urticaceae,0.2121339031630089,-0.17681545058153383,negativo,False
Viburnum,Rumex,0.29291979841323823,-0.14503325406700948,negativo,False
Viburnum,Berberidaceae,0.5560784543987226,-0.08256028406977611,negativo,False
Viburnum,Euphorbiaceae,0.7496599113601989,-0.04482622464066977,negativo,False
Viburnum,Primulaceae,0.4296795032874079,0.10756009053372023,positivo,False
Viburnum,Scrophulariaceae,0.08341594797569352,0.2365568555715139,positivo,False
Viburnum,Papaver,0.309844799016428,-0.1359902827992258,negativo,False
Viburnum,Campanulaceae,0.25849243470460365,0.15626359828448597,positivo,False
Viburnum,Convolvulaceae,0.7496601655631006,-0.04482617755719527,negativo,False
Viburnum,Liliaceae,0.06733772363700051,0.2461358283477309,positivo,False
Viburnum,Iridaceae,0.2903047116360882,-0.15905629258047144,negativo,False
Viburnum,Crassulaceae,0.4104772441939796,-0.112106825622866,negativo,False
Viburnum,Ranunculaceae,0.14637782269360927,0.19905041846293756,positivo,False
Viburnum,Cistaceae,0.28957910764631567,0.14760248578948743,positivo,False
Viburnum,Apiaceae,0.5250897563105745,-0.08801823168614352,negativo,False
Viburnum,Valerianaceae,0.627980234243358,-0.05997392025161842,negativo,False
Viburnum,Ranunculus,0.27154403819726414,-0.1464611243879937,negativo,False
Tamarix,Pinus,0.9895534919528752,0.0013499018790986694,positivo,False
Tamarix,Juniperus,0.6589934798752236,-0.05939582614519692,negativo,False
Tamarix,Taxus,0.2916176741219583,-0.14620857855774563,negativo,False
Tamarix,Betula,0.5248851392025691,0.0781124844035099,positivo,False
Tamarix,Corylus,0.6291902324339536,-0.06430363292606756,negativo,False
Tamarix,Salix,0.4643901133360855,-0.1023941053537687,negativo,False
Tamarix,Ulmus,0.8284462235795014,0.02775007996605,positivo,False
Tamarix,Populus,0.7961478737020298,-0.0363163316776125,negativo,False
Tamarix,Acer,0.46438124414186,-0.10182745484905541,negativo,False
Tamarix,Fraxinus,0.13272194175077187,0.20731998717784067,positivo,False
Tamarix,Tilia,0.9234176681873715,-0.013101683192374758,negativo,False
Tamarix,Juglans,1.9621729274765757e-06,0.6232094237229154,positivo,True
Tamarix,Pistacia,0.9711726080586747,-0.004374563817157964,negativo,False
Tamarix,Rhamnus,0.12386096506085663,0.21097579282071882,positivo,False
Tamarix,Buxus,0.0569393879183622,0.26126459720955764,positivo,False
Tamarix,Sambucus,0.13591341943905466,0.20486325107460326,positivo,False
Tamarix,Viburnum,0.3457761933867235,-0.1321119150055556,negativo,False
Tamarix,Thymelaeaceae,0.30642116786899004,0.14263240796504406,positivo,False
Tamarix,Ephedra distachya,0.4821874098284793,-0.09486399857270078,negativo,False
Tamarix,Ephedra fragilis,0.1710366529583327,0.18839456489415563,positivo,False
Tamarix,Ericaceae,0.297848777923689,-0.14392540441522922,negativo,False
Tamarix,Hereda helix,0.2249307795244193,0.16882744197623878,positivo,False
Tamarix,Lonicera,0.6660048426289842,-0.06269678077418904,negativo,False
Tamarix,Oleaceae,0.04519379397883492,0.277524165309124,positivo,True
Tamarix,Myrtus,0.6781050381556755,0.058552264106197335,positivo,False
Tamarix,Poaceae,0.8607358587405148,-0.024257635347113615,negativo,False
Tamarix,Artemisia,0.26261054853681925,0.112255407073697,positivo,False
Tamarix,Cichorioideae,0.8790666620324201,-0.01657953895383485,negativo,False
Tamarix,Asteroideae,0.8833985381578786,0.02026695007123032,positivo,False
Tamarix,Cardueae,0.2457919120283378,-0.1587100681826578,negativo,False
Tamarix,Rubiaceae,0.624877432277358,-0.06529258503239212,negativo,False
Tamarix,Centaurea,0.45394017177073975,-0.10499509268458021,negativo,False
Tamarix,Chenopodiaceae,0.05540612285868089,0.258465646191712,positivo,False
Tamarix,Caryophyllaceae,0.048538070742329596,-0.25267051925809525,negativo,True
Tamarix,Plantago,0.9704030964015475,-0.0052407885883261965,negativo,False
Tamarix,Brassicaceae,0.5951346077983659,0.07293945963001514,positivo,False
Tamarix,Saxifragaceae,0.669662430651444,0.059087722559776304,positivo,False
Tamarix,Fabaceae,0.3376767926233011,0.12004729599529604,positivo,False
Tamarix,Genista,0.5905434342699563,-0.06985810028373962,negativo,False
Tamarix,Lotus type,0.3366053059743622,-0.1299415249172977,negativo,False
Tamarix,Trifolium type,0.6355789453446614,0.06495573654690714,positivo,False
Tamarix,Rosaceae,0.1841482328680872,0.14645118910274063,positivo,False
Tamarix,Boraginaceae,0.6462920119334818,-0.06454773380112175,negativo,False
Tamarix,Sedum,0.5006615152811373,-0.06457735211825633,negativo,False
Tamarix,Helianthemum,0.5360654337476574,-0.08447684074844083,negativo,False
Tamarix,Lamiaceae,0.04214413870409801,0.2999939423751592,positivo,True
Tamarix,Urticaceae,0.6958796141435031,-0.05756156868365275,negativo,False
Tamarix,Rumex,0.4701563106914064,-0.10085650276898206,negativo,False
Tamarix,Berberidaceae,0.3952323154409981,-0.1194047932075594,negativo,False
Tamarix,Euphorbiaceae,0.6677927108983714,-0.06241953551967063,negativo,False
Tamarix,Primulaceae,0.32810677665736887,0.13121313144410784,positivo,False
Tamarix,Scrophulariaceae,0.6479087022514299,-0.06300891650806162,negativo,False
Tamarix,Papaver,0.1542267133377874,0.19453891160870412,positivo,False
Tamarix,Campanulaceae,0.8324535859629134,-0.029554661701768195,negativo,False
Tamarix,Convolvulaceae,0.6462920925898816,-0.06454771803313618,negativo,False
Tamarix,Liliaceae,0.4578202824954781,0.10424160978611788,positivo,False
Tamarix,Iridaceae,0.8090962203167049,0.033914092082779554,positivo,False
Tamarix,Crassulaceae,0.26129723563200263,0.15181952522667955,positivo,False
Tamarix,Ranunculaceae,0.17983108728352845,0.18527779616207535,positivo,False
Tamarix,Cistaceae,0.8474488657630508,0.027171357531702765,positivo,False
Tamarix,Apiaceae,0.8400349821327217,-0.027892689268276066,negativo,False
Tamarix,Valerianaceae,0.411154614444593,-0.10039378103619186,negativo,False
Tamarix,Ranunculus,0.6969670821895433,-0.05242344875558194,negativo,False
Thymelaeaceae,Pinus,0.49295841599798174,-0.06763490679716744,negativo,False
Thymelaeaceae,Juniperus,0.43518363307659125,-0.1039770063175875,negativo,False
Thymelaeaceae,Taxus,0.6196904692649701,-0.06927158474582004,negativo,False
Thymelaeaceae,Betula,0.9765792230191143,0.0035990672774002253,positivo,False
Thymelaeaceae,Corylus,0.4896752485334944,0.09455679947273365,positivo,False
Thymelaeaceae,Salix,0.9237293841282734,-0.013071381580843422,negativo,False
Thymelaeaceae,Ulmus,0.25866055814343475,-0.13697742732379448,negativo,False
Thymelaeaceae,Populus,0.11182004601688128,0.21935679387569468,positivo,False
Thymelaeaceae,Acer,0.003931944336517002,0.3802709199578631,positivo,True
Thymelaeaceae,Fraxinus,0.8212341639655824,-0.03333356375107385,negativo,False
Thymelaeaceae,Tilia,0.2119377654798418,0.1676597768500287,positivo,False
Thymelaeaceae,Juglans,0.6890402394544783,-0.05602347681924347,negativo,False
Thymelaeaceae,Pistacia,0.3611866659062609,-0.11008028243923842,negativo,False
Thymelaeaceae,Rhamnus,0.7879237554007347,-0.03883094691263034,negativo,False
Thymelaeaceae,Buxus,0.8910164814244474,-0.026943444159400996,negativo,False
Thymelaeaceae,Sambucus,0.8498293173101729,-0.028145501810980106,negativo,False
Thymelaeaceae,Viburnum,0.6910015281387147,-0.05541726139419212,negativo,False
Thymelaeaceae,Tamarix,0.8936457004620931,0.01784982893373016,positivo,False
Thymelaeaceae,Ephedra distachya,0.17510708503426756,0.18025304841396264,positivo,False
Thymelaeaceae,Ephedra fragilis,0.7768835882433023,0.03962099600717289,positivo,False
Thymelaeaceae,Ericaceae,0.42556503073663754,0.11060111622596336,positivo,False
Thymelaeaceae,Hereda helix,0.8958091066647571,-0.020765938497611727,negativo,False
Thymelaeaceae,Lonicera,0.5721242969010774,-0.07926642579121422,negativo,False
Thymelaeaceae,Oleaceae,0.6227027559376377,0.06792035331254709,positivo,False
Thymelaeaceae,Myrtus,0.6890402816959678,-0.05602346884196889,negativo,False
Thymelaeaceae,Poaceae,0.12288619657737605,-0.21121493957019788,negativo,False
Thymelaeaceae,Artemisia,0.24599889135988431,-0.11565742510970081,negativo,False
Thymelaeaceae,Cichorioideae,0.20472158523520062,0.135648551854605,positivo,False
Thymelaeaceae,Asteroideae,0.9513039088204266,-0.00853404014805774,negativo,False
Thymelaeaceae,Cardueae,0.8304281285284276,-0.03080223250306341,negativo,False
Thymelaeaceae,Rubiaceae,0.5774599130248951,-0.07567781306669201,negativo,False
Thymelaeaceae,Centaurea,0.6391325324404908,-0.06554657600935629,negativo,False
Thymelaeaceae,Chenopodiaceae,0.5941630611483306,0.07348968144967763,positivo,False
Thymelaeaceae,Caryophyllaceae,0.811681555999908,0.031408982366657234,positivo,False
Thymelaeaceae,Plantago,0.6890402428818296,-0.05602347622757485,negativo,False
Thymelaeaceae,Brassicaceae,0.30319303238879836,0.14035546496506107,positivo,False
Thymelaeaceae,Saxifragaceae,0.7104173824265201,0.05140360069135912,positivo,False
Thymelaeaceae,Fabaceae,0.6283175980297084,0.062083305221377394,positivo,False
Thymelaeaceae,Genista,0.827024859383426,-0.028892109224704005,negativo,False
Thymelaeaceae,Lotus type,0.6802140706071664,0.056350506219588675,positivo,False
Thymelaeaceae,Trifolium type,0.21157914769598854,0.17291527583431765,positivo,False
Thymelaeaceae,Rosaceae,0.35813192839763874,-0.10562652121849314,negativo,False
Thymelaeaceae,Boraginaceae,0.8448517283575144,-0.027471716377653825,negativo,False
Thymelaeaceae,Sedum,0.42188207766178487,0.07637062436414035,positivo,False
Thymelaeaceae,Helianthemum,0.7134468019591127,-0.04894828403382273,negativo,False
Thymelaeaceae,Lamiaceae,0.33804436944600214,0.1356821748563744,positivo,False
Thymelaeaceae,Urticaceae,0.8878132948005834,0.019275990668424114,positivo,False
Thymelaeaceae,Rumex,0.47430095384432114,-0.09938772977224408,negativo,False
Thymelaeaceae,Berberidaceae,0.7187286376812936,-0.050467965996509115,negativo,False
Thymelaeaceae,Euphorbiaceae,0.8448516569423874,-0.02747172920744448,negativo,False
Thymelaeaceae,Primulaceae,0.9056051368617499,0.016224827223239743,positivo,False
Thymelaeaceae,Scrophulariaceae,0.5120081609593359,0.09019735220190184,positivo,False
Thymelaeaceae,Papaver,0.5931075367798595,-0.07228609002227857,negativo,False
Thymelaeaceae,Campanulaceae,0.6169740828513848,0.06990632936933416,positivo,False
Thymelaeaceae,Convolvulaceae,0.844851766473899,-0.027471709557598284,negativo,False
Thymelaeaceae,Liliaceae,0.5910954503071699,0.07369762138426458,positivo,False
Thymelaeaceae,Iridaceae,0.5526200285034076,0.08322626124436057,positivo,False
Thymelaeaceae,Crassulaceae,0.8779721132345334,-0.020880973291890953,negativo,False
Thymelaeaceae,Ranunculaceae,0.3868150347207562,0.11989696102160483,positivo,False
Thymelaeaceae,Cistaceae,0.0192358463406259,0.3153667422931634,positivo,True
Thymelaeaceae,Apiaceae,0.8314605356026492,0.0294735120328369,positivo,False
Thymelaeaceae,Valerianaceae,0.8465102386169564,-0.025000185971791315,negativo,False
Thymelaeaceae,Ranunculus,0.8363824110393111,-0.027945340486563358,negativo,False
Ephedra distachya,Pinus,0.6491527716314178,-0.04541578650039002,negativo,False
Ephedra distachya,Juniperus,0.33666189602175267,-0.1349753220350396,negativo,False
Ephedra distachya,Taxus,0.34884137900349543,-0.13091774755258784,negativo,False
Ephedra distachya,Betula,0.9024002129856257,0.015278109785345495,positivo,False
Ephedra distachya,Corylus,0.12280398020335806,0.19896030034031442,positivo,False
Ephedra distachya,Salix,0.7136191787858869,0.050386529028888405,positivo,False
Ephedra distachya,Ulmus,0.20698540804538323,-0.14993356472242092,negativo,False
Ephedra distachya,Populus,0.3491305038945254,-0.13072036672645856,negativo,False
Ephedra distachya,Acer,0.2745159125823578,-0.15120428455932527,negativo,False
Ephedra distachya,Fraxinus,0.4186650231657183,-0.11328347504016881,negativo,False
Ephedra distachya,Tilia,0.4615132253290323,-0.099582435320313,negativo,False
Ephedra distachya,Juglans,0.4514557115881458,-0.10555827521674904,negativo,False
Ephedra distachya,Pistacia,0.4504404992786648,-0.09525587566646239,negativo,False
Ephedra distachya,Rhamnus,0.300998841688217,-0.14420112202345478,negativo,False
Ephedra distachya,Buxus,0.7140090782837024,-0.05150216308117812,negativo,False
Ephedra distachya,Sambucus,0.27360548034214066,-0.15238020793713605,negativo,False
Ephedra distachya,Viburnum,0.7951305537782419,0.03621490461947115,positivo,False
Ephedra distachya,Tamarix,0.3116340392268925,-0.1350504512664001,negativo,False
Ephedra distachya,Thymelaeaceae,0.5927171276216537,-0.07513119555049215,negativo,False
Ephedra distachya,Ephedra fragilis,0.7404818881659188,-0.04633792499325362,negativo,False
Ephedra distachya,Ericaceae,0.8181082463574993,0.031837325659365645,positivo,False
Ephedra distachya,Hereda helix,0.38267255739747663,-0.12214941732348483,negativo,False
Ephedra distachya,Lonicera,0.2330079727360285,0.1661446305941849,positivo,False
Ephedra distachya,Oleaceae,0.8378103086968574,-0.028643508105835547,negativo,False
Ephedra distachya,Myrtus,0.45145570618828346,-0.10555827653533442,negativo,False
Ephedra distachya,Poaceae,0.19388692786186174,-0.1792907309421145,negativo,False
Ephedra distachya,Artemisia,0.9386520711421246,-0.007750553015389419,negativo,False
Ephedra distachya,Cichorioideae,0.00033649912165451733,-0.40517313714038783,negativo,True
Ephedra distachya,Asteroideae,0.012717765605711959,0.3292039613182758,positivo,True
Ephedra distachya,Cardueae,0.47737805547909495,0.10533645057035401,positivo,False
Ephedra distachya,Rubiaceae,0.45453618284206376,0.09959126120167455,positivo,False
Ephedra distachya,Centaurea,0.1500041483009146,0.19903845984055854,positivo,False
Ephedra distachya,Chenopodiaceae,0.1799471397377877,-0.1844892280008779,negativo,False
Ephedra distachya,Caryophyllaceae,0.815006236061304,-0.03156004391067549,negativo,False
Ephedra distachya,Plantago,0.24932420244061396,0.16059937075138087,positivo,False
Ephedra distachya,Brassicaceae,0.2584130410766422,-0.15391412612448707,negativo,False
Ephedra distachya,Saxifragaceae,0.3008831666063341,0.14222689019899293,positivo,False
Ephedra distachya,Fabaceae,0.9081179495093055,-0.014787662813553079,negativo,False
Ephedra distachya,Genista,0.34943325120399094,-0.12112440492159125,negativo,False
Ephedra distachya,Lotus type,0.9352675870024412,-0.01109650455372957,negativo,False
Ephedra distachya,Trifolium type,0.4370837782366942,0.10693609382347057,positivo,False
Ephedra distachya,Rosaceae,0.7039557136614165,0.04293087940923751,positivo,False
Ephedra distachya,Boraginaceae,0.7140092673291245,-0.05150212752907257,negativo,False
Ephedra distachya,Sedum,0.8373942392824589,-0.02154475491166452,negativo,False
Ephedra distachya,Helianthemum,0.9970024656336899,0.0005106678472320825,positivo,False
Ephedra distachya,Lamiaceae,0.8460671466988782,0.026853090053995277,positivo,False
Ephedra distachya,Urticaceae,0.22344807684592358,0.1646546757192083,positivo,False
Ephedra distachya,Rumex,0.6146858226764598,0.07079778050906022,positivo,False
Ephedra distachya,Berberidaceae,0.5951143368916848,-0.0782532389064369,negativo,False
Ephedra distachya,Euphorbiaceae,0.7140092268032694,-0.051502135144317535,negativo,False
Ephedra distachya,Primulaceae,0.2799157015913623,-0.14644503903548475,negativo,False
Ephedra distachya,Scrophulariaceae,0.17464682244558563,0.18784009864965467,positivo,False
Ephedra distachya,Papaver,0.2647514618169832,-0.14774627375685148,negativo,False
Ephedra distachya,Campanulaceae,0.7353688632912027,-0.04709227478554882,negativo,False
Ephedra distachya,Convolvulaceae,0.7140091377650608,-0.05150215193835972,negativo,False
Ephedra distachya,Liliaceae,0.6220533955485212,-0.06770785897963236,negativo,False
Ephedra distachya,Iridaceae,0.27662834612442344,-0.1551119092475405,negativo,False
Ephedra distachya,Crassulaceae,0.8410871809984887,0.027528375604051195,positivo,False
Ephedra distachya,Ranunculaceae,0.9994427674020491,9.768096598287458e-05,positivo,False
Ephedra distachya,Cistaceae,0.48092638285200173,-0.0985579082005789,negativo,False
Ephedra distachya,Apiaceae,0.880938199139248,-0.021087719282531905,negativo,False
Ephedra distachya,Valerianaceae,0.5948294341716122,-0.06710814921297217,negativo,False
Ephedra distachya,Ranunculus,0.7610081594921824,0.04096426112038881,positivo,False
Ephedra fragilis,Pinus,0.095022373312085,-0.16396129480161215,negativo,False
Ephedra fragilis,Juniperus,0.8182350453169159,-0.0315167938430021,negativo,False
Ephedra fragilis,Taxus,0.1446859151499228,0.20199029079619413,positivo,False
Ephedra fragilis,Betula,0.1357070323268978,0.18130727623697235,positivo,False
Ephedra fragilis,Corylus,0.11307046432603791,0.2051618787225984,positivo,False
Ephedra fragilis,Salix,0.15044112836973517,0.1981219332407333,positivo,False
Ephedra fragilis,Ulmus,0.5926671240711807,-0.06618300969720353,negativo,False
Ephedra fragilis,Populus,0.5012273626574641,-0.09530983678086247,negativo,False
Ephedra fragilis,Acer,0.3835562471627524,-0.12442224316693173,negativo,False
Ephedra fragilis,Fraxinus,0.045305992581845055,0.274397729994705,positivo,True
Ephedra fragilis,Tilia,0.6806282909663804,-0.0562059575466147,negativo,False
Ephedra fragilis,Juglans,0.9497664280778773,0.00901441868464346,positivo,False
Ephedra fragilis,Pistacia,0.7433341453167657,-0.03987555398186424,negativo,False
Ephedra fragilis,Rhamnus,0.6264232363330219,0.0683897332241658,positivo,False
Ephedra fragilis,Buxus,0.5120806577698755,-0.09282702887136267,negativo,False
Ephedra fragilis,Sambucus,0.6808680928271509,-0.057898933217563904,negativo,False
Ephedra fragilis,Viburnum,0.9808691930148794,-0.0033665034970963847,negativo,False
Ephedra fragilis,Tamarix,0.6400696519631894,-0.06305753295645353,negativo,False
Ephedra fragilis,Thymelaeaceae,0.3359998594824233,-0.13620440941229595,negativo,False
Ephedra fragilis,Ephedra distachya,0.9317936742200799,0.011686405205242197,positivo,False
Ephedra fragilis,Ericaceae,0.2759432945431864,-0.15123726895034229,negativo,False
Ephedra fragilis,Hereda helix,0.8202677129378001,-0.032013083622968674,negativo,False
Ephedra fragilis,Lonicera,0.4413778213085302,-0.10894315551588442,negativo,False
Ephedra fragilis,Oleaceae,0.835114271313379,-0.029203752908380384,negativo,False
Ephedra fragilis,Myrtus,0.5273990973267403,0.08919344109302639,positivo,False
Ephedra fragilis,Poaceae,0.8201279412721034,-0.03163117174632226,negativo,False
Ephedra fragilis,Artemisia,0.40066032472476243,0.08558327593402834,positivo,False
Ephedra fragilis,Cichorioideae,0.5775449748431378,0.06213045084662003,positivo,False
Ephedra fragilis,Asteroideae,0.31888084101812686,0.13812246486491264,positivo,False
Ephedra fragilis,Cardueae,0.4810983765480644,0.09993190806311808,positivo,False
Ephedra fragilis,Rubiaceae,0.6719846279098698,0.05723674354174878,positivo,False
Ephedra fragilis,Centaurea,0.32366011254424243,0.13850836498047506,positivo,False
Ephedra fragilis,Chenopodiaceae,0.8095439891666726,-0.03352788703690106,negativo,False
Ephedra fragilis,Caryophyllaceae,0.3365787079420062,0.12617825959131285,positivo,False
Ephedra fragilis,Plantago,0.4585704803948957,0.10763239376990466,positivo,False
Ephedra fragilis,Brassicaceae,0.24503524805910434,0.1590604440509496,positivo,False
Ephedra fragilis,Saxifragaceae,0.8272894645380968,0.03049616139801959,positivo,False
Ephedra fragilis,Fabaceae,0.13608396105000856,0.1856799307298106,positivo,False
Ephedra fragilis,Genista,0.1581230987144684,0.18252627395602677,positivo,False
Ephedra fragilis,Lotus type,0.7638029693553294,0.04112992739853,positivo,False
Ephedra fragilis,Trifolium type,0.19419156866841975,0.18596434090267566,positivo,False
Ephedra fragilis,Rosaceae,0.9694058830897289,-0.004296544320608442,negativo,False
Ephedra fragilis,Boraginaceae,0.21545974167825463,0.2109929220883246,positivo,False
Ephedra fragilis,Sedum,0.5461877329547302,-0.05768365927561661,negativo,False
Ephedra fragilis,Helianthemum,0.503047985531501,0.1043013721817788,positivo,False
Ephedra fragilis,Lamiaceae,0.5991516205267758,0.07317104668641522,positivo,False
Ephedra fragilis,Urticaceae,0.22250419521579942,0.16664156333475544,positivo,False
Ephedra fragilis,Rumex,0.8753201042723869,0.022136033853678544,positivo,False
Ephedra fragilis,Berberidaceae,0.003681162176426733,0.3972510120706598,positivo,True
Ephedra fragilis,Euphorbiaceae,0.35407727914310916,0.13080169439493208,positivo,False
Ephedra fragilis,Primulaceae,0.27998463536396034,0.14575632941034036,positivo,False
Ephedra fragilis,Scrophulariaceae,0.9075078630493162,0.016333344100404795,positivo,False
Ephedra fragilis,Papaver,0.3192477490031926,0.1360999366369216,positivo,False
Ephedra fragilis,Campanulaceae,0.7309466692671964,0.04852384716276578,positivo,False
Ephedra fragilis,Convolvulaceae,0.21545979775009294,0.21099289816381786,positivo,False
Ephedra fragilis,Liliaceae,0.38337833562428747,0.12023809669900859,positivo,False
Ephedra fragilis,Iridaceae,0.25750197281921805,-0.15891418584685224,negativo,False
Ephedra fragilis,Crassulaceae,0.7893739767403507,-0.03651817962614189,negativo,False
Ephedra fragilis,Ranunculaceae,0.38035796761251583,0.12229402448023005,positivo,False
Ephedra fragilis,Cistaceae,0.6695499347453786,-0.060813927324475645,negativo,False
Ephedra fragilis,Apiaceae,0.27836793606642235,0.15192832351597133,positivo,False
Ephedra fragilis,Valerianaceae,0.23785963349620376,-0.1445406127534442,negativo,False
Ephedra fragilis,Ranunculus,0.2530865084184868,0.153793588943453,positivo,False
Ericaceae,Pinus,0.06759491948393202,-0.1773505464450833,negativo,False
Ericaceae,Juniperus,0.9210611087215059,0.013320208124543376,positivo,False
Ericaceae,Taxus,0.9833109690542509,-0.002923799077800479,negativo,False
Ericaceae,Betula,0.1755494310803649,0.16633432862978423,positivo,False
Ericaceae,Corylus,0.4522228202264227,0.10624173458114222,positivo,False
Ericaceae,Salix,0.24999637790361345,0.15537787283225946,positivo,False
Ericaceae,Ulmus,0.5740865660222021,0.06747817844856824,positivo,False
Ericaceae,Populus,0.05928800435390113,0.25926407671662804,positivo,False
Ericaceae,Acer,0.2008715218439,-0.17976212070197065,negativo,False
Ericaceae,Fraxinus,0.3619450607200603,-0.12698711682284788,negativo,False
Ericaceae,Tilia,0.7821396694860776,0.037598132075968876,positivo,False
Ericaceae,Juglans,0.9380053052885944,-0.01098469738927179,negativo,False
Ericaceae,Pistacia,0.5813355278730803,-0.06712711409468064,negativo,False
Ericaceae,Rhamnus,0.37934004109778574,0.12194044495720507,positivo,False
Ericaceae,Buxus,0.6479056453385557,-0.06423040345108806,negativo,False
Ericaceae,Sambucus,0.48084020819857487,-0.09917665869554576,negativo,False
Ericaceae,Viburnum,0.2927407313421692,-0.14560528951759089,negativo,False
Ericaceae,Tamarix,0.09712577895490596,0.21876838518642566,positivo,False
Ericaceae,Thymelaeaceae,0.542394096069938,-0.08608104863643304,negativo,False
Ericaceae,Ephedra distachya,0.22363203721088554,0.16213456545409916,positivo,False
Ericaceae,Ephedra fragilis,0.22743736122715635,0.1667550477886823,positivo,False
Ericaceae,Hereda helix,0.1694654451164438,0.1914565346496323,positivo,False
Ericaceae,Lonicera,0.059572732870552994,0.2589219022132788,positivo,False
Ericaceae,Oleaceae,0.44933712255634906,-0.10417868920863242,negativo,False
Ericaceae,Myrtus,0.08489591303829246,0.23640909240939006,positivo,False
Ericaceae,Poaceae,0.9102522801664151,-0.015615658773735098,negativo,False
Ericaceae,Artemisia,0.6819399930345504,0.04134725070875918,positivo,False
Ericaceae,Cichorioideae,0.7481066492820139,-0.03486024458308751,negativo,False
Ericaceae,Asteroideae,0.39025622475231203,0.11923197409355579,positivo,False
Ericaceae,Cardueae,0.3056660687144266,0.14060005330001912,positivo,False
Ericaceae,Rubiaceae,0.7679976157964438,0.03954219005392292,positivo,False
Ericaceae,Centaurea,0.7521947324334899,0.0442216671250862,positivo,False
Ericaceae,Chenopodiaceae,0.668892070705526,-0.06084393257038716,negativo,False
Ericaceae,Caryophyllaceae,0.06080870560818413,0.2555758795026611,positivo,False
Ericaceae,Plantago,0.9651236397058925,0.006172295289143457,positivo,False
Ericaceae,Brassicaceae,0.7936954627076517,-0.03594520985896443,negativo,False
Ericaceae,Saxifragaceae,0.5698858474336316,0.08154610388330381,positivo,False
Ericaceae,Fabaceae,0.646814235208145,0.05875605820776364,positivo,False
Ericaceae,Genista,0.29699987009730794,0.1352130056882695,positivo,False
Ericaceae,Lotus type,0.15252005372682081,0.21539803435229704,positivo,False
Ericaceae,Trifolium type,0.6867857126867389,0.05856222934770011,positivo,False
Ericaceae,Rosaceae,0.3470945862900351,0.1058598411062201,positivo,False
Ericaceae,Boraginaceae,0.6479056279750923,-0.06423040681786243,negativo,False
Ericaceae,Sedum,0.023816175243077595,0.2149587032015128,positivo,True
Ericaceae,Helianthemum,0.2951323041549384,0.1412809776783212,positivo,False
Ericaceae,Lamiaceae,0.8946047417509334,0.018699431768076286,positivo,False
Ericaceae,Urticaceae,0.0075588214182418486,0.3465715157412487,positivo,True
Ericaceae,Rumex,0.3479204481952344,0.1318897959765829,positivo,False
Ericaceae,Berberidaceae,0.06060768400432943,0.25731836423572463,positivo,False
Ericaceae,Euphorbiaceae,0.647905488371789,-0.06423043413248614,negativo,False
Ericaceae,Primulaceae,0.5300888579597871,0.08460232556149608,positivo,False
Ericaceae,Scrophulariaceae,0.7470337268595099,0.044710823491323534,positivo,False
Ericaceae,Papaver,0.5440914765990054,-0.08260856773368803,negativo,False
Ericaceae,Campanulaceae,0.06408356429032362,-0.253524245329685,negativo,False
Ericaceae,Convolvulaceae,0.6479056272438249,-0.06423040702014321,negativo,False
Ericaceae,Liliaceae,0.9859584256831018,-0.0024342575840585745,negativo,False
Ericaceae,Iridaceae,0.4575830699330713,-0.1044333641022869,negativo,False
Ericaceae,Crassulaceae,0.45365778686423275,-0.10176395300294327,negativo,False
Ericaceae,Ranunculaceae,0.8975809829683914,0.017951020344490098,positivo,False
Ericaceae,Cistaceae,0.1336789431547695,0.2104218190610086,positivo,False
Ericaceae,Apiaceae,0.014090175065881505,0.33800876674992375,positivo,True
Ericaceae,Valerianaceae,0.5436211742155173,0.07562034063379089,positivo,False
Ericaceae,Ranunculus,0.46891896936196065,0.09706449405698375,positivo,False
Hereda helix,Pinus,0.4464712584420042,-0.07519116790627556,negativo,False
Hereda helix,Juniperus,0.6711342599755473,-0.05762449999770286,negativo,False
Hereda helix,Taxus,0.5239777707400571,-0.08897114775020382,negativo,False
Hereda helix,Betula,0.6169013163390742,-0.06133747044631227,negativo,False
Hereda helix,Corylus,0.5025114980814038,0.0887344875881273,positivo,False
Hereda helix,Salix,0.7000448894857944,-0.05293647018322961,negativo,False
Hereda helix,Ulmus,0.7349078497548001,-0.040707474160616874,negativo,False
Hereda helix,Populus,0.0523941447522526,0.2663974792897337,positivo,False
Hereda helix,Acer,0.00022412325545799044,0.47282715745485315,positivo,True
Hereda helix,Fraxinus,0.030510327627384135,0.2938243648995544,positivo,True
Hereda helix,Tilia,0.6489462783422749,-0.061901828492736094,negativo,False
Hereda helix,Juglans,0.13958107911694853,0.2042914274185516,positivo,False
Hereda helix,Pistacia,0.41512412036047086,-0.09928917245059582,negativo,False
Hereda helix,Rhamnus,0.7420074568482062,0.0526634215267932,positivo,False
Hereda helix,Buxus,0.7776159166315961,-0.055820984483684194,negativo,False
Hereda helix,Sambucus,0.7457911268172208,0.047683858958085926,positivo,False
Hereda helix,Viburnum,0.5393794619774936,-0.08570021649579082,negativo,False
Hereda helix,Tamarix,0.016694531444783552,0.3083773053595687,positivo,True
Hereda helix,Thymelaeaceae,0.06170385008563357,0.29020085902630566,positivo,False
Hereda helix,Ephedra distachya,0.4653712090989799,-0.09836672914811395,negativo,False
Hereda helix,Ephedra fragilis,0.3458267130858702,-0.13013936600885506,negativo,False
Hereda helix,Ericaceae,0.9853479558733442,-0.0025648664017107192,negativo,False
Hereda helix,Lonicera,0.5341412126834579,-0.08744419068604252,negativo,False
Hereda helix,Oleaceae,0.40831100398644493,0.11487563085954197,positivo,False
Hereda helix,Myrtus,0.5872078801525581,-0.0760200662320872,negativo,False
Hereda helix,Poaceae,0.9208520941463866,-0.013725762189918451,negativo,False
Hereda helix,Artemisia,0.7306083895883712,-0.03477006482849329,negativo,False
Hereda helix,Cichorioideae,0.05398801292384352,0.2030213354564172,positivo,False
Hereda helix,Asteroideae,0.32161501459487074,-0.1358401359238187,negativo,False
Hereda helix,Cardueae,0.9512682553367445,-0.008493961047304877,negativo,False
Hereda helix,Rubiaceae,0.3780105784055293,-0.11860191767917826,negativo,False
Hereda helix,Centaurea,0.862579934998667,0.024327257293592378,positivo,False
Hereda helix,Chenopodiaceae,0.30631175716663506,-0.14863158958315592,negativo,False
Hereda helix,Caryophyllaceae,0.7736459401578265,-0.03770043281392721,negativo,False
Hereda helix,Plantago,0.5872078395074811,-0.07602007443184694,negativo,False
Hereda helix,Brassicaceae,0.9394264267370664,0.01042946800470132,positivo,False
Hereda helix,Saxifragaceae,0.9299641607380424,-0.012358102369202898,negativo,False
Hereda helix,Fabaceae,0.46328489992812816,0.09193100530820672,positivo,False
Hereda helix,Genista,0.2741869215817425,-0.14084766935294168,negativo,False
Hereda helix,Lotus type,0.5965365494352317,0.07219228875314848,positivo,False
Hereda helix,Trifolium type,0.5962275140548287,0.07323990175632766,positivo,False
Hereda helix,Rosaceae,0.061954293937156436,0.202426220095084,positivo,False
Hereda helix,Boraginaceae,0.7904769166562965,-0.039526441818570006,negativo,False
Hereda helix,Sedum,0.7579384872097293,0.029508452855462886,positivo,False
Hereda helix,Helianthemum,0.9202688411450317,-0.013399496104137043,negativo,False
Hereda helix,Lamiaceae,0.16054601711991603,0.1972417908099523,positivo,False
Hereda helix,Urticaceae,0.7904785131567361,-0.03656345531756924,negativo,False
Hereda helix,Rumex,0.35768542634719547,-0.12719725378950206,negativo,False
Hereda helix,Berberidaceae,0.30603449534776067,0.14275764936301538,positivo,False
Hereda helix,Euphorbiaceae,0.7633200805999454,-0.04229735200180206,negativo,False
Hereda helix,Primulaceae,0.92861627773782,-0.012272918705534375,negativo,False
Hereda helix,Scrophulariaceae,0.7205714484828865,-0.05134233273710588,negativo,False
Hereda helix,Papaver,0.2345458038244284,0.15854364209285737,positivo,False
Hereda helix,Campanulaceae,0.18036595431251953,0.18474526622240073,positivo,False
Hereda helix,Convolvulaceae,0.790476987692432,-0.03952642791560882,negativo,False
Hereda helix,Liliaceae,0.7787599361499573,0.03914523805194148,positivo,False
Hereda helix,Iridaceae,0.809940578486997,-0.03372341078325963,negativo,False
Hereda helix,Crassulaceae,0.9207331839786518,-0.013567355774029961,negativo,False
Hereda helix,Ranunculaceae,0.28278491209106427,0.15406707158685484,positivo,False
Hereda helix,Cistaceae,0.5074628482234427,-0.09278664951222854,negativo,False
Hereda helix,Apiaceae,0.9269738109064616,0.012676392784476784,positivo,False
Hereda helix,Valerianaceae,0.3106394636649379,0.12371552490240656,positivo,False
Hereda helix,Ranunculus,0.5174565219564138,-0.08714339497719947,negativo,False
Lonicera,Pinus,0.8784978299113707,-0.015152540374389067,negativo,False
Lonicera,Juniperus,0.5723270519612891,0.07928957700261036,positivo,False
Lonicera,Taxus,0.5879735491080511,-0.07568802955303339,negativo,False
Lonicera,Betula,0.5683512679205687,0.07050956287026905,positivo,False
Lonicera,Corylus,0.7171430786974693,-0.047586953696395096,negativo,False
Lonicera,Salix,0.26355037628111216,-0.15211258966395036,negativo,False
Lonicera,Ulmus,0.07148458088098777,0.2142114217717389,positivo,False
Lonicera,Populus,0.8767732079576432,-0.021768249589755408,negativo,False
Lonicera,Acer,0.3347248293074152,-0.13400095972815806,negativo,False
Lonicera,Fraxinus,0.90148330417307,-0.01744900352422602,negativo,False
Lonicera,Tilia,0.9905926484702193,-0.0016067842468375781,negativo,False
Lonicera,Juglans,0.011717118068082698,0.3377066336415272,positivo,True
Lonicera,Pistacia,0.6810831443704786,-0.04960613810987531,negativo,False
Lonicera,Rhamnus,0.6082363763205179,0.07134726834678204,positivo,False
Lonicera,Buxus,0.6830641160187522,-0.05739819052011539,negativo,False
Lonicera,Sambucus,0.6697977627150342,-0.05930573077222637,negativo,False
Lonicera,Viburnum,0.8972564594216661,-0.01816193337052517,negativo,False
Lonicera,Tamarix,0.08939100846288947,0.2302934362214229,positivo,False
Lonicera,Thymelaeaceae,0.5509897439949509,-0.08378572036848767,negativo,False
Lonicera,Ephedra distachya,0.3238157858628724,-0.13221837645594134,negativo,False
Lonicera,Ephedra fragilis,0.6549377526667046,-0.062357237468825516,negativo,False
Lonicera,Ericaceae,0.19736313606559155,0.17704240255647757,positivo,False
Lonicera,Hereda helix,0.4120590013398375,-0.11482729949634762,negativo,False
Lonicera,Oleaceae,0.6507137005802116,0.06276059304651518,positivo,False
Lonicera,Myrtus,0.9223789332247464,0.01365514341921077,positivo,False
Lonicera,Poaceae,0.072386215296592,-0.2427709779328185,negativo,False
Lonicera,Artemisia,0.14671902214445146,0.144749508687542,positivo,False
Lonicera,Cichorioideae,0.6639676391302771,0.04725990080268849,positivo,False
Lonicera,Asteroideae,0.5644280059841305,-0.07959956050149775,negativo,False
Lonicera,Cardueae,0.3911427948901447,-0.11834749708484972,negativo,False
Lonicera,Rubiaceae,0.20050474632589507,-0.17164046889741352,negativo,False
Lonicera,Centaurea,0.8734305835610059,0.022274837524319413,positivo,False
Lonicera,Chenopodiaceae,0.8445021210788608,-0.027032267399905982,negativo,False
Lonicera,Caryophyllaceae,0.034995639199548366,0.2775202636831052,positivo,True
Lonicera,Plantago,0.8480254355059373,-0.026851291483278507,negativo,False
Lonicera,Brassicaceae,0.12456494602361211,-0.2094072553604709,negativo,False
Lonicera,Saxifragaceae,0.01241465768891101,0.3340183610281466,positivo,True
Lonicera,Fabaceae,0.21046908832760983,0.15613492131569667,positivo,False
Lonicera,Genista,0.8707564284639695,0.02119939665512674,positivo,False
Lonicera,Lotus type,0.597572548629794,0.07171143231627966,positivo,False
Lonicera,Trifolium type,0.2545292763020773,-0.15614252848979132,negativo,False
Lonicera,Rosaceae,0.9764124606468084,-0.003289589490367839,negativo,False
Lonicera,Boraginaceae,0.6935709565402803,-0.0553740567528282,negativo,False
Lonicera,Sedum,0.2367649556105845,-0.11150400364325758,negativo,False
Lonicera,Helianthemum,0.815177776990783,-0.031307303615164234,negativo,False
Lonicera,Lamiaceae,0.029468493871172882,0.2972985980831715,positivo,True
Lonicera,Urticaceae,0.5216875226665112,0.09070901853822305,positivo,False
Lonicera,Rumex,0.43567614590648107,0.1079562694548631,positivo,False
Lonicera,Berberidaceae,0.7555209521584053,-0.04385856051544569,negativo,False
Lonicera,Euphorbiaceae,0.6830641577876286,-0.057398182525629685,negativo,False
Lonicera,Primulaceae,0.4119647027994836,-0.11377438487227758,negativo,False
Lonicera,Scrophulariaceae,0.6471127999564745,0.06412226420065699,positivo,False
Lonicera,Papaver,6.387223548134658e-05,0.4800708726854071,positivo,True
Lonicera,Campanulaceae,0.9637070439011057,-0.006363490464593752,negativo,False
Lonicera,Convolvulaceae,0.6935708994316712,-0.05537406776540762,negativo,False
Lonicera,Liliaceae,0.560340622119657,0.08035509778056249,positivo,False
Lonicera,Iridaceae,0.7770590555939891,-0.039943525688560653,negativo,False
Lonicera,Crassulaceae,0.7021993056981057,-0.05244931631291891,negativo,False
Lonicera,Ranunculaceae,0.08249082920016254,-0.23875999528524589,negativo,False
Lonicera,Cistaceae,0.385918385501008,-0.12097494828601896,negativo,False
Lonicera,Apiaceae,0.4266912610854031,-0.11005640285656232,negativo,False
Lonicera,Valerianaceae,0.43999226558572524,-0.09487890953217352,negativo,False
Lonicera,Ranunculus,0.9154197215248703,-0.014959556178930494,negativo,False
Oleaceae,Pinus,0.16159218360209007,-0.14384676528653134,negativo,False
Oleaceae,Juniperus,0.47625745410250475,-0.097322483832186,negativo,False
Oleaceae,Taxus,0.5378368919234633,0.0870381508614464,positivo,False
Oleaceae,Betula,0.00622534226106919,0.3201184706655461,positivo,True
Oleaceae,Corylus,0.5869738804910569,-0.0712487316980544,negativo,False
Oleaceae,Salix,0.9263395280775785,0.012750511712365603,positivo,False
Oleaceae,Ulmus,0.6093367245631722,0.06429916149123827,positivo,False
Oleaceae,Populus,0.6191778788106687,0.07075123661150778,positivo,False
Oleaceae,Acer,0.6773717655134199,-0.058700162762912234,negativo,False
Oleaceae,Fraxinus,0.9808053197920614,-0.0033985954085008763,negativo,False
Oleaceae,Tilia,0.6971028295667812,-0.05412575774810391,negativo,False
Oleaceae,Juglans,0.14668680811326454,0.22690311579694541,positivo,False
Oleaceae,Pistacia,0.17416641335442898,0.1632373238837559,positivo,False
Oleaceae,Rhamnus,0.798500356699277,0.03578955686151618,positivo,False
Oleaceae,Buxus,0.7740636831610955,0.04083718563407863,positivo,False
Oleaceae,Sambucus,0.13981039324161237,0.20352719333531222,positivo,False
Oleaceae,Viburnum,0.6389984220200773,-0.06599430506457675,negativo,False
Oleaceae,Tamarix,0.9309644495510663,-0.012005282475898507,negativo,False
Oleaceae,Thymelaeaceae,0.6775237167524746,-0.05873440214794995,negativo,False
Oleaceae,Ephedra distachya,0.6232586764002648,-0.06718847449607644,negativo,False
Oleaceae,Ephedra fragilis,0.7030316012374069,0.053646603238407545,positivo,False
Oleaceae,Ericaceae,0.4484145335955969,-0.10507025841975641,negativo,False
Oleaceae,Hereda helix,0.470795100023334,-0.10213880742364259,negativo,False
Oleaceae,Lonicera,0.8515343543325271,-0.026518859918982295,negativo,False
Oleaceae,Myrtus,0.10821526943192004,0.22450590837005743,positivo,False
Oleaceae,Poaceae,0.8891453130832433,-0.019599823273687415,negativo,False
Oleaceae,Artemisia,0.7014463528662187,0.04063902311554101,positivo,False
Oleaceae,Cichorioideae,0.18085152096540902,-0.14653322796117843,negativo,False
Oleaceae,Asteroideae,0.7425828662045144,-0.04560465538802677,negativo,False
Oleaceae,Cardueae,0.19565447850883436,-0.18250010266493802,negativo,False
Oleaceae,Rubiaceae,0.9827732978006272,0.00290778405421269,positivo,False
Oleaceae,Centaurea,0.5128608367180081,-0.09288512955824947,negativo,False
Oleaceae,Chenopodiaceae,0.16930587036901662,0.18966345454977224,positivo,False
Oleaceae,Caryophyllaceae,0.5859477381923195,-0.07236942096957938,negativo,False
Oleaceae,Plantago,0.5237074033162457,-0.09505234810036467,negativo,False
Oleaceae,Brassicaceae,0.2155024956428615,0.16964566403065612,positivo,False
Oleaceae,Saxifragaceae,0.4445718731851399,0.10790795793492014,positivo,False
Oleaceae,Fabaceae,0.7241195491441057,0.04461135247655354,positivo,False
Oleaceae,Genista,0.18653146249712738,-0.17384791827323326,negativo,False
Oleaceae,Lotus type,0.4594386618306304,0.10082255022097483,positivo,False
Oleaceae,Trifolium type,0.21654463041929875,0.16877903460746882,positivo,False
Oleaceae,Rosaceae,0.921345311887301,-0.01117812720284711,negativo,False
Oleaceae,Boraginaceae,0.374613342074955,-0.1256528347671499,negativo,False
Oleaceae,Sedum,0.9640433084741787,-0.00436535264681176,negativo,False
Oleaceae,Helianthemum,0.6313958042693792,-0.06679998815263904,negativo,False
Oleaceae,Lamiaceae,0.0008998147586424971,0.4576246882022967,positivo,True
Oleaceae,Urticaceae,0.9669147130548873,0.005710562201227093,positivo,False
Oleaceae,Rumex,0.8539796750458071,0.02642413573102806,positivo,False
Oleaceae,Berberidaceae,0.8393219833291128,-0.0287858216667169,negativo,False
Oleaceae,Euphorbiaceae,0.3899001643621175,-0.12094241444593568,negativo,False
Oleaceae,Primulaceae,0.25911871918539015,0.1518642207613734,positivo,False
Oleaceae,Scrophulariaceae,0.36046799691529663,0.12625867787224412,positivo,False
Oleaceae,Papaver,0.17789709270669513,0.17949170380232146,positivo,False
Oleaceae,Campanulaceae,0.04896399713881627,-0.27034531245734683,negativo,True
Oleaceae,Convolvulaceae,0.3746133589932694,-0.1256528301928435,negativo,False
Oleaceae,Liliaceae,0.78620464602002,-0.038645095627308945,negativo,False
Oleaceae,Iridaceae,0.6853094661921071,-0.05709624748617191,negativo,False
Oleaceae,Crassulaceae,0.23841099597465937,0.1592437053484192,positivo,False
Oleaceae,Ranunculaceae,0.044687312862880954,0.27512187337092425,positivo,True
Oleaceae,Cistaceae,0.8185058854907306,0.03432406836566873,positivo,False
Oleaceae,Apiaceae,0.20309157460570285,0.1761266216410547,positivo,False
Oleaceae,Valerianaceae,0.3490578839316857,-0.11626222339920866,negativo,False
Oleaceae,Ranunculus,0.8726128575828551,0.022293721066842576,positivo,False
Myrtus,Pinus,0.4963436532467924,-0.0675645119603211,negativo,False
Myrtus,Juniperus,0.4036609017659034,-0.11403183733233369,negativo,False
Myrtus,Taxus,0.674377048158372,-0.06105833486745306,negativo,False
Myrtus,Betula,0.7165828762922453,-0.04508479641993668,negativo,False
Myrtus,Corylus,0.03099996325386003,0.2801504394711868,positivo,True
Myrtus,Salix,0.22992529162544595,0.16291402913556352,positivo,False
Myrtus,Ulmus,0.045483907631647696,0.23347467983704306,positivo,True
Myrtus,Populus,0.37678400122834854,0.16724615166776663,positivo,False
Myrtus,Acer,0.4651081069018099,-0.1020369529488992,negativo,False
Myrtus,Fraxinus,0.3794350871298866,0.12262360011917045,positivo,False
Myrtus,Tilia,0.6881582343085513,-0.05454370484063581,negativo,False
Myrtus,Juglans,0.7367951321927193,-0.05102041622662941,negativo,False
Myrtus,Pistacia,0.19455209584372654,0.15632412258277797,positivo,False
Myrtus,Rhamnus,0.8148372151685497,-0.038749755750935685,negativo,False
Myrtus,Buxus,0.7904768732954273,-0.037311986977217666,negativo,False
Myrtus,Sambucus,0.961504249394205,0.006744772967715806,positivo,False
Myrtus,Viburnum,0.5886307780572769,-0.0754716918068639,negativo,False
Myrtus,Tamarix,0.022505188180332047,0.29576541949204677,positivo,True
Myrtus,Thymelaeaceae,0.09735943952452271,0.22832206792981835,positivo,False
Myrtus,Ephedra distachya,0.520286639636224,-0.08656895064128245,negativo,False
Myrtus,Ephedra fragilis,0.16255831742373972,-0.19172888517836129,negativo,False
Myrtus,Ericaceae,0.9893581424556661,-0.0018447782838549864,negativo,False
Myrtus,Hereda helix,0.5930122007805587,-0.07469779687876814,negativo,False
Myrtus,Lonicera,0.7053506859820728,0.05297161115019211,positivo,False
Myrtus,Oleaceae,0.6373324145781596,-0.06569849436186836,negativo,False
Myrtus,Poaceae,0.9909216037620207,0.0016231857758156193,positivo,False
Myrtus,Artemisia,0.8282031709308733,-0.022255132136364875,negativo,False
Myrtus,Cichorioideae,0.9760005821426001,0.0032969911083148284,positivo,False
Myrtus,Asteroideae,0.6361586704885025,0.06712944100400839,positivo,False
Myrtus,Cardueae,0.7315914669370408,-0.04727906381825059,negativo,False
Myrtus,Rubiaceae,0.17730656475143658,0.17896556750262457,positivo,False
Myrtus,Centaurea,0.7561100651455902,0.04356372333499435,positivo,False
Myrtus,Chenopodiaceae,0.5131305318176664,0.08982723518787192,positivo,False
Myrtus,Caryophyllaceae,0.46023528765282773,0.09681126422347235,positivo,False
Myrtus,Plantago,0.6902634946112663,-0.057339442375044264,negativo,False
Myrtus,Brassicaceae,0.3588573837500606,0.12872399197913764,positivo,False
Myrtus,Saxifragaceae,0.37532980396318205,0.12206784133508869,positivo,False
Myrtus,Fabaceae,0.712742226392633,-0.04645955085059629,negativo,False
Myrtus,Genista,0.21370400999970474,-0.1599104512085905,negativo,False
Myrtus,Lotus type,0.6031197535390611,0.07365731616581939,positivo,False
Myrtus,Trifolium type,0.1294537622474073,0.20483207043609508,positivo,False
Myrtus,Rosaceae,0.7815126481405322,0.03084287812976977,positivo,False
Myrtus,Boraginaceae,0.790476894168429,-0.03731198318765906,negativo,False
Myrtus,Sedum,0.6636722510978423,0.04153432870307561,positivo,False
Myrtus,Helianthemum,0.3000763494479957,-0.1398586913731428,negativo,False
Myrtus,Lamiaceae,0.6639398715761359,-0.06009116123645633,negativo,False
Myrtus,Urticaceae,0.30943664849494246,0.13758783309894135,positivo,False
Myrtus,Rumex,0.3872325155138281,0.12425193678171009,positivo,False
Myrtus,Berberidaceae,0.6244262300882777,-0.06863445156767427,negativo,False
Myrtus,Euphorbiaceae,8.660310696990371e-13,0.7537019697692172,positivo,True
Myrtus,Primulaceae,0.432360536761657,-0.10543627153856712,negativo,False
Myrtus,Scrophulariaceae,0.12512771373603473,0.2128909501950466,positivo,False
Myrtus,Papaver,0.0001295124201817167,0.46625239762763504,positivo,True
Myrtus,Campanulaceae,0.7285310932384021,0.048840525937264345,positivo,False
Myrtus,Convolvulaceae,0.7904769146111483,-0.037311979465669255,negativo,False
Myrtus,Liliaceae,0.8061123759852202,0.03429841010895204,positivo,False
Myrtus,Iridaceae,0.48695272901267805,-0.09758953241871929,negativo,False
Myrtus,Crassulaceae,0.06726988248235362,0.2479430749880747,positivo,False
Myrtus,Ranunculaceae,0.260882602718685,0.16084916092765175,positivo,False
Myrtus,Cistaceae,0.6387803999096657,-0.06611121549484261,negativo,False
Myrtus,Apiaceae,0.9936797893922232,0.0010952682019776533,positivo,False
Myrtus,Valerianaceae,0.23934325622503394,0.1430608632511797,positivo,False
Myrtus,Ranunculus,0.2882977090937659,-0.15359438095480588,negativo,False
Poaceae,Pinus,0.4529633416448481,0.07519097950879106,positivo,False
Poaceae,Juniperus,0.9997879824415188,-3.5863390619117475e-05,negativo,False
Poaceae,Taxus,0.2089246852801077,0.17480922512062988,positivo,False
Poaceae,Betula,0.504796509708993,-0.08213367866606491,negativo,False
Poaceae,Corylus,0.08441808628505956,-0.2231647760811824,negativo,False
Poaceae,Salix,0.04298767851547283,-0.27166372391563176,negativo,True
Poaceae,Ulmus,0.23073431563557686,0.14435765789148808,positivo,False
Poaceae,Populus,0.8726426871819932,-0.022943300047978364,negativo,False
Poaceae,Acer,0.495022607317932,0.09566529487174164,positivo,False
Poaceae,Fraxinus,0.20011494739602773,-0.1885346529360423,negativo,False
Poaceae,Tilia,0.040369893550878846,0.2733077622799083,positivo,True
Poaceae,Juglans,0.3195546254461023,0.1474384277211502,positivo,False
Poaceae,Pistacia,0.5258244996398425,-0.07708104667521597,negativo,False
Poaceae,Rhamnus,0.4982859597259961,0.09524243253468717,positivo,False
Poaceae,Buxus,0.4613189459147047,-0.10491663767946077,negativo,False
Poaceae,Sambucus,0.8123524700020186,-0.03333720856397644,negativo,False
Poaceae,Viburnum,0.8750816194044344,-0.02234860245518079,negativo,False
Poaceae,Tamarix,0.2398775707118647,-0.15660554229179835,negativo,False
Poaceae,Thymelaeaceae,0.913034468020445,-0.015581008230888614,negativo,False
Poaceae,Ephedra distachya,0.13713484091820505,0.2003825465395518,positivo,False
Poaceae,Ephedra fragilis,0.5367066237315248,0.08619129002319054,positivo,False
Poaceae,Ericaceae,0.3793845711324624,-0.12208363950192438,negativo,False
Poaceae,Hereda helix,0.9556070896346007,-0.007842798496621966,negativo,False
Poaceae,Lonicera,0.6643197733497317,0.06129021117195182,positivo,False
Poaceae,Oleaceae,0.28763633678141926,0.1485442336505282,positivo,False
Poaceae,Myrtus,0.3746782939877644,0.12866459054345375,positivo,False
Poaceae,Artemisia,0.1895004867129617,-0.13138934664214913,negativo,False
Poaceae,Cichorioideae,0.7703613009868084,0.0319399773793721,positivo,False
Poaceae,Asteroideae,0.9152779554688789,-0.014811484140327937,negativo,False
Poaceae,Cardueae,0.5822749091780717,0.07619530446584495,positivo,False
Poaceae,Rubiaceae,0.3008921644760625,-0.13917059795519532,negativo,False
Poaceae,Centaurea,0.830681462452551,-0.030216054513282915,negativo,False
Poaceae,Chenopodiaceae,0.13265902301738314,-0.20557270319937604,negativo,False
Poaceae,Caryophyllaceae,0.9786887119644686,0.0035814107956918806,positivo,False
Poaceae,Plantago,0.2282885204463241,0.1726935983938151,positivo,False
Poaceae,Brassicaceae,0.6824023976691864,-0.05810471726203065,negativo,False
Poaceae,Saxifragaceae,0.2656474984494326,0.1564124534448162,positivo,False
Poaceae,Fabaceae,0.26149946444035443,0.1424680612218972,positivo,False
Poaceae,Genista,0.6701882075223127,0.057532645169048366,positivo,False
Poaceae,Lotus type,0.04859899867190082,-0.2630539217539023,negativo,True
Poaceae,Trifolium type,0.6726469686060024,-0.06006154372933695,negativo,False
Poaceae,Rosaceae,0.45441421319560915,-0.08717117412250946,negativo,False
Poaceae,Boraginaceae,0.8475641690378282,0.027284337385605775,positivo,False
Poaceae,Sedum,0.4095265743879202,-0.08044091941183648,negativo,False
Poaceae,Helianthemum,0.7399874100071618,-0.04471677422513973,negativo,False
Poaceae,Lamiaceae,0.8598840331579957,0.024841272707833678,positivo,False
Poaceae,Urticaceae,0.9694094892402184,0.005279810245186367,positivo,False
Poaceae,Rumex,0.9869925299420415,0.0022985991555661625,positivo,False
Poaceae,Berberidaceae,0.31087973939164903,-0.14541928600624543,negativo,False
Poaceae,Euphorbiaceae,0.06659377368543375,-0.2546696889292049,negativo,False
Poaceae,Primulaceae,0.8833112742527184,0.020775647706231554,positivo,False
Poaceae,Scrophulariaceae,0.8104299547008375,-0.03336001742109671,negativo,False
Poaceae,Papaver,0.3662214319026018,-0.12281371342041128,negativo,False
Poaceae,Campanulaceae,0.9683305778881536,0.005589810442639058,positivo,False
Poaceae,Convolvulaceae,0.8475642027700498,0.02728433131004749,positivo,False
Poaceae,Liliaceae,0.4293345114173692,0.1090340777368107,positivo,False
Poaceae,Iridaceae,0.5424825960434827,0.08593638294936845,positivo,False
Poaceae,Crassulaceae,0.7533508267389605,-0.04399746893581326,negativo,False
Poaceae,Ranunculaceae,0.7872676643659613,-0.03918625789246209,negativo,False
Poaceae,Cistaceae,0.01214138763724602,0.3410875230894544,positivo,True
Poaceae,Apiaceae,0.14347778202884803,-0.21788386923066802,negativo,False
Poaceae,Valerianaceae,0.6499604167523079,-0.06273730104940718,negativo,False
Poaceae,Ranunculus,0.007237285965935906,0.3494392803080183,positivo,True
Artemisia,Pinus,0.3403358093450032,0.10317613992527108,positivo,False
Artemisia,Juniperus,0.09137261994359744,0.2216768095068386,positivo,False
Artemisia,Taxus,0.591213998960527,-0.075723948817494,negativo,False
Artemisia,Betula,0.20496346139169463,-0.17188869912882104,negativo,False
Artemisia,Corylus,0.252110606452781,-0.1501128528401799,negativo,False
Artemisia,Salix,0.4779908074907988,-0.09610917525478785,negativo,False
Artemisia,Ulmus,0.22917754238129004,0.1512938131177266,positivo,False
Artemisia,Populus,0.4826954382564749,0.09801414087541716,positivo,False
Artemisia,Acer,0.7410258118807427,0.04656938169120892,positivo,False
Artemisia,Fraxinus,0.2368009487534373,-0.16378427908197485,negativo,False
Artemisia,Tilia,0.5075887591281115,0.09124863775929604,positivo,False
Artemisia,Juglans,0.2717368182371457,0.15670496448798932,positivo,False
Artemisia,Pistacia,0.058986180678453855,0.23604755271691888,positivo,False
Artemisia,Rhamnus,0.8843068989723817,0.02028734214860098,positivo,False
Artemisia,Buxus,0.8597232495976325,0.024843936724894624,positivo,False
Artemisia,Sambucus,0.8049731867641214,0.03480712116019172,positivo,False
Artemisia,Viburnum,0.5763348565994338,-0.07888700160008832,negativo,False
Artemisia,Tamarix,0.27026259312024203,0.1464910325486118,positivo,False
Artemisia,Thymelaeaceae,0.6901220206727522,-0.05593690927724781,negativo,False
Artemisia,Ephedra distachya,0.41553412481437935,-0.10896654759924432,negativo,False
Artemisia,Ephedra fragilis,0.2866119082609058,-0.14812109826753822,negativo,False
Artemisia,Ericaceae,0.3890269985337398,-0.11883475699253021,negativo,False
Artemisia,Hereda helix,0.9194033491233665,-0.014205003545518055,negativo,False
Artemisia,Lonicera,7.911157948008623e-05,0.5015984669346016,positivo,True
Artemisia,Oleaceae,0.34895072717678666,0.1347292599892849,positivo,False
Artemisia,Myrtus,0.14853916143679094,0.20317977939805157,positivo,False
Artemisia,Poaceae,0.6123308363318403,-0.06986169133004612,negativo,False
Artemisia,Cichorioideae,0.2703025115524153,-0.12306184524683261,negativo,False
Artemisia,Asteroideae,0.17052714682858774,-0.18663789445692033,negativo,False
Artemisia,Cardueae,0.18181281877067226,-0.18817086479593426,negativo,False
Artemisia,Rubiaceae,0.8287665749742401,-0.02917511430417325,negativo,False
Artemisia,Centaurea,0.5271380619710826,-0.0889605397177606,negativo,False
Artemisia,Chenopodiaceae,0.47123189089861306,0.10168996623572478,positivo,False
Artemisia,Caryophyllaceae,0.4053845857961146,0.11226560516071496,positivo,False
Artemisia,Plantago,0.6953238990994177,-0.05537145842985469,negativo,False
Artemisia,Brassicaceae,0.7031830123696345,-0.05222224330636327,negativo,False
Artemisia,Saxifragaceae,0.7545243094168255,0.0453955596284369,positivo,False
Artemisia,Fabaceae,0.37812827093537427,-0.118843148459218,negativo,False
Artemisia,Genista,0.06235578782071094,-0.2391605747809702,negativo,False
Artemisia,Lotus type,0.9720209600327948,0.004875439514351709,positivo,False
Artemisia,Trifolium type,0.6077160748290094,-0.07012701420972799,negativo,False
Artemisia,Rosaceae,0.9534908186254206,0.006893171092836714,positivo,False
Artemisia,Boraginaceae,0.8953373841067549,-0.018558621902893035,negativo,False
Artemisia,Sedum,0.5974624853777638,-0.05432315196729154,negativo,False
Artemisia,Helianthemum,0.5343483812162377,-0.0828607259481296,negativo,False
Artemisia,Lamiaceae,0.31900746084795173,0.14215111365621516,positivo,False
Artemisia,Urticaceae,0.0724702453415316,0.2443400940842916,positivo,False
Artemisia,Rumex,0.19088797826636936,0.17942506351736176,positivo,False
Artemisia,Berberidaceae,0.44943377752617686,-0.10556426734689309,negativo,False
Artemisia,Euphorbiaceae,0.2702150821841688,0.15344327706903244,positivo,False
Artemisia,Primulaceae,0.8486621008854103,-0.026366063894092656,negativo,False
Artemisia,Scrophulariaceae,0.40762824189189684,-0.11365198801185017,negativo,False
Artemisia,Papaver,0.04117169315044735,0.27449121792907993,positivo,True
Artemisia,Campanulaceae,0.08779971692630463,-0.23513962773902902,negativo,False
Artemisia,Convolvulaceae,0.8953373063960263,-0.018558635778063624,negativo,False
Artemisia,Liliaceae,0.15490480334667694,-0.19368417587791784,negativo,False
Artemisia,Iridaceae,0.7505755430308999,0.04549178079152408,positivo,False
Artemisia,Crassulaceae,0.6907513145959455,0.05388051178170536,positivo,False
Artemisia,Ranunculaceae,0.17731707661832902,-0.1849226714785143,negativo,False
Artemisia,Cistaceae,0.9701438771468696,0.005242927592609858,positivo,False
Artemisia,Apiaceae,0.5340216429771031,-0.08669656393331315,negativo,False
Artemisia,Valerianaceae,0.9330332988855324,0.01056482256254137,positivo,False
Artemisia,Ranunculus,0.004543841679767199,0.3733218537953005,positivo,True
Cichorioideae,Pinus,0.30714801675514825,0.1210311384932975,positivo,False
Cichorioideae,Juniperus,0.012843882481242876,-0.3331616479596252,negativo,True
Cichorioideae,Taxus,0.35266243768476824,-0.12941909095693468,negativo,False
Cichorioideae,Betula,0.36431668153536056,0.11194510519894049,positivo,False
Cichorioideae,Corylus,0.2966840297146194,0.1352647712323336,positivo,False
Cichorioideae,Salix,0.6369351751988487,-0.06907670288911363,negativo,False
Cichorioideae,Ulmus,0.011738040857118411,-0.3020362837916628,negativo,True
Cichorioideae,Populus,0.8832503336443442,0.02061647829756458,positivo,False
Cichorioideae,Acer,0.23365650081735193,-0.1662029715171406,negativo,False
Cichorioideae,Fraxinus,0.20576926004485266,0.18139745652719802,positivo,False
Cichorioideae,Tilia,0.5780565504851884,-0.07547390038127241,negativo,False
Cichorioideae,Juglans,0.22882446362391828,-0.16705548339404602,negativo,False
Cichorioideae,Pistacia,0.15479726127689628,-0.17045955732829515,negativo,False
Cichorioideae,Rhamnus,0.13546384773592596,-0.20750274064798718,negativo,False
Cichorioideae,Buxus,0.3899001410834291,-0.12105539794586254,negativo,False
Cichorioideae,Sambucus,0.19810793464677415,-0.18424077689035456,negativo,False
Cichorioideae,Viburnum,0.1584070246827368,0.19502458058693167,positivo,False
Cichorioideae,Tamarix,0.14156923554973602,-0.19477222113242362,negativo,False
Cichorioideae,Thymelaeaceae,0.22260163873619462,-0.16971241280236787,negativo,False
Cichorioideae,Ephedra distachya,0.00023953813861771192,0.5143805193406283,positivo,True
Cichorioideae,Ephedra fragilis,0.6839087654048184,0.05800102959603666,positivo,False
Cichorioideae,Ericaceae,0.7836650328835976,0.038134939813677216,positivo,False
Cichorioideae,Hereda helix,0.46191336382930714,-0.10262572407022283,negativo,False
Cichorioideae,Lonicera,0.4131577091330514,-0.11510785410210006,negativo,False
Cichorioideae,Oleaceae,0.03969689249521808,-0.2813688230240038,negativo,True
Cichorioideae,Myrtus,0.5048858058883761,-0.09445729307923681,negativo,False
Cichorioideae,Poaceae,0.5793832157883414,0.07683816120979906,positivo,False
Cichorioideae,Artemisia,0.2766183934414007,-0.1131779794343715,negativo,False
Cichorioideae,Asteroideae,0.2743882901307397,0.14976242316463867,positivo,False
Cichorioideae,Cardueae,0.017376825060419508,0.3435795459158472,positivo,True
Cichorioideae,Rubiaceae,0.5837730581589784,-0.07518289998773171,negativo,False
Cichorioideae,Centaurea,6.895598686566558e-06,0.6152605658569925,positivo,True
Cichorioideae,Chenopodiaceae,0.018057872165358063,-0.3323376667477514,negativo,True
Cichorioideae,Caryophyllaceae,0.8953480369565806,0.017395532444240414,positivo,False
Cichorioideae,Plantago,0.5168789002583938,0.09068252170656213,positivo,False
Cichorioideae,Brassicaceae,0.7159537293456879,0.0515527928419334,positivo,False
Cichorioideae,Saxifragaceae,0.9206769930460937,0.013929228534860328,positivo,False
Cichorioideae,Fabaceae,0.26283930168983893,0.13966482993717944,positivo,False
Cichorioideae,Genista,0.8970874164523217,-0.016834596208752384,negativo,False
Cichorioideae,Lotus type,0.5934082406672223,0.07330839469089723,positivo,False
Cichorioideae,Trifolium type,0.41001413736495806,0.11301262339273278,positivo,False
Cichorioideae,Rosaceae,0.9955668326062623,-0.0006192685198184167,negativo,False
Cichorioideae,Boraginaceae,0.4411107052782597,0.11169809726738332,positivo,False
Cichorioideae,Sedum,0.8242922118980136,0.021183258436610453,positivo,False
Cichorioideae,Helianthemum,0.013858400271341024,0.3675969901088917,positivo,True
Cichorioideae,Lamiaceae,0.8177178499583243,-0.03214924239310338,negativo,False
Cichorioideae,Urticaceae,0.42989065748741984,-0.10838727738052037,negativo,False
Cichorioideae,Rumex,0.19120965009931834,-0.1865430052201536,negativo,False
Cichorioideae,Berberidaceae,0.031351690310391145,0.32346540724038103,positivo,True
Cichorioideae,Euphorbiaceae,0.6394088841370184,-0.06621831272613313,negativo,False
Cichorioideae,Primulaceae,0.8300722343445638,0.029027613587299515,positivo,False
Cichorioideae,Scrophulariaceae,0.021998555233067724,0.31735988568704715,positivo,True
Cichorioideae,Papaver,0.2866558764505832,-0.141414484309405,negativo,False
Cichorioideae,Campanulaceae,0.45379688161922715,0.10436188374191802,positivo,False
Cichorioideae,Convolvulaceae,0.44111063026044606,0.11169811613687029,positivo,False
Cichorioideae,Liliaceae,0.9938110476777382,0.0010895113815811708,positivo,False
Cichorioideae,Iridaceae,0.01564825154791262,0.34775968466311036,positivo,True
Cichorioideae,Crassulaceae,0.8654440281883077,-0.023086673500429075,negativo,False
Cichorioideae,Ranunculaceae,0.22491710021663172,0.16756267377137543,positivo,False
Cichorioideae,Cistaceae,0.756320208266173,-0.04347031282119321,negativo,False
Cichorioideae,Apiaceae,0.3511855290273185,0.12799529859373124,positivo,False
Cichorioideae,Valerianaceae,0.10601816905582746,0.1975742121601371,positivo,False
Cichorioideae,Ranunculus,0.44683839126573643,-0.10465463534761804,negativo,False
Asteroideae,Pinus,0.6102460115845191,-0.05245543662814134,negativo,False
Asteroideae,Juniperus,0.1517883381014274,-0.1970312328261295,negativo,False
Asteroideae,Taxus,0.6136263294570062,-0.07170528686635358,negativo,False
Asteroideae,Betula,0.07785602136118791,0.22362776758933683,positivo,False
Asteroideae,Corylus,0.1947877079190854,0.17541670781579022,positivo,False
Asteroideae,Salix,0.7334053530809812,0.04635577955198175,positivo,False
Asteroideae,Ulmus,0.5075778711837216,-0.07934362453511379,negativo,False
Asteroideae,Populus,0.8051784014564082,-0.035176029757477384,negativo,False
Asteroideae,Acer,0.35173261753089724,0.12902473760888722,positivo,False
Asteroideae,Fraxinus,0.16872568164271615,-0.1899897499892414,negativo,False
Asteroideae,Tilia,0.003293499194766693,0.3757368438803199,positivo,True
Asteroideae,Juglans,0.653336820394083,0.06469165582774679,positivo,False
Asteroideae,Pistacia,0.4380639090124331,0.09353292727396778,positivo,False
Asteroideae,Rhamnus,0.914985505967011,0.015106868511432253,positivo,False
Asteroideae,Buxus,0.7718134659053009,-0.04077816411839136,negativo,False
Asteroideae,Sambucus,0.04527432570420153,-0.27148758195875977,negativo,True
Asteroideae,Viburnum,0.20966205422440212,-0.17613240232949012,negativo,False
Asteroideae,Tamarix,0.8951099296025907,-0.017611165151652064,negativo,False
Asteroideae,Thymelaeaceae,0.35754307563550924,-0.12998817205525873,negativo,False
Asteroideae,Ephedra distachya,0.11142642698282923,0.2101165731955469,positivo,False
Asteroideae,Ephedra fragilis,0.5368722096087575,-0.08582744266621906,negativo,False
Asteroideae,Ericaceae,0.07227280426590366,0.24531442614449483,positivo,False
Asteroideae,Hereda helix,0.9158420431075645,-0.01477420702511982,negativo,False
Asteroideae,Lonicera,0.15426386913961648,-0.19739114620572978,negativo,False
Asteroideae,Oleaceae,0.4081548221894802,-0.11376894961232648,negativo,False
Asteroideae,Myrtus,0.6533368318445734,0.06469165355641382,positivo,False
Asteroideae,Poaceae,0.6552894820789239,-0.061644731445654216,negativo,False
Asteroideae,Artemisia,0.6631133673772066,-0.04379186618910583,negativo,False
Asteroideae,Cichorioideae,0.36513263560619924,0.09738271644855578,positivo,False
Asteroideae,Cardueae,0.04671015431619187,0.2648380318662523,positivo,True
Asteroideae,Rubiaceae,0.23721528390481095,-0.15669504902342696,negativo,False
Asteroideae,Centaurea,0.9948974276153836,0.0009265577315886037,positivo,False
Asteroideae,Chenopodiaceae,0.4498308183298285,-0.1036856642010987,negativo,False
Asteroideae,Caryophyllaceae,0.6994775705105345,0.05076808145251571,positivo,False
Asteroideae,Plantago,0.9768588242328043,0.004074731742494675,positivo,False
Asteroideae,Brassicaceae,0.031655921418961425,0.30674149321821714,positivo,True
Asteroideae,Saxifragaceae,0.9572859294904497,0.007841934963038172,positivo,False
Asteroideae,Fabaceae,0.48761991549922856,-0.08703421426739201,negativo,False
Asteroideae,Genista,0.35877192819756754,0.11995364773248246,positivo,False
Asteroideae,Lotus type,0.07826438601993013,0.2341381127182471,positivo,False
Asteroideae,Trifolium type,0.2272760597179815,0.18052076001334785,positivo,False
Asteroideae,Rosaceae,0.39550291837058116,0.09544821884981947,positivo,False
Asteroideae,Boraginaceae,0.30336078953900847,-0.14369450360158043,negativo,False
Asteroideae,Sedum,6.425450649605763e-05,0.3421828564819888,positivo,True
Asteroideae,Helianthemum,0.8571745185384767,0.024269835685088115,positivo,False
Asteroideae,Lamiaceae,0.4095827831136062,-0.11381095790377971,negativo,False
Asteroideae,Urticaceae,0.10997610533565196,0.2219228255115706,positivo,False
Asteroideae,Rumex,0.9313102386665453,-0.011984598435426805,negativo,False
Asteroideae,Berberidaceae,0.0926608463156661,0.23117224583842527,positivo,False
Asteroideae,Euphorbiaceae,0.29724869396225934,-0.14535267547509872,negativo,False
Asteroideae,Primulaceae,8.428287119979354e-05,0.47819323006195785,positivo,True
Asteroideae,Scrophulariaceae,0.7018653184359845,0.05277593449953262,positivo,False
Asteroideae,Papaver,0.690197465793317,-0.05365894263558106,negativo,False
Asteroideae,Campanulaceae,0.4120292473949415,-0.11406417751023187,negativo,False
Asteroideae,Convolvulaceae,0.30336074557753245,-0.1436945164287119,negativo,False
Asteroideae,Liliaceae,0.579677475984736,-0.07633755054696525,negativo,False
Asteroideae,Iridaceae,0.2699215495895126,-0.15727490680420397,negativo,False
Asteroideae,Crassulaceae,0.3393912503335518,0.13580245000179952,positivo,False
Asteroideae,Ranunculaceae,0.52989284290647,0.09016332170312845,positivo,False
Asteroideae,Cistaceae,0.7974733146634776,-0.035912874222943286,negativo,False
Asteroideae,Apiaceae,0.005503195106499289,0.3797985620532256,positivo,True
Asteroideae,Valerianaceae,0.45151896587813134,0.09189468873001076,positivo,False
Asteroideae,Ranunculus,0.981596538185291,0.003136466230392043,positivo,False
Cardueae,Pinus,0.8823737262412346,-0.015679232298171863,negativo,False
Cardueae,Juniperus,0.9634521638018783,0.006642769404901938,positivo,False
Cardueae,Taxus,0.07697767440299458,0.2465392264135743,positivo,False
Cardueae,Betula,0.4477677875116509,0.09534600330736986,positivo,False
Cardueae,Corylus,0.6384005705812068,0.06263994889546892,positivo,False
Cardueae,Salix,0.2681862897402681,-0.15557761898399572,negativo,False
Cardueae,Ulmus,0.7306695932371207,-0.043374012826567054,negativo,False
Cardueae,Populus,0.667883891986832,0.061345275228269866,positivo,False
Cardueae,Acer,0.619964391206532,0.07045507425052036,positivo,False
Cardueae,Fraxinus,0.025435255838030395,0.3081803965259091,positivo,True
Cardueae,Tilia,0.4152575549618377,-0.13040626919350135,negativo,False
Cardueae,Juglans,0.35629643343662754,-0.1320366277715384,negativo,False
Cardueae,Pistacia,0.12834912134385595,-0.18503537310349344,negativo,False
Cardueae,Rhamnus,0.8195335735587784,0.03246136656886798,positivo,False
Cardueae,Buxus,0.6751238078346449,-0.06146817469766561,negativo,False
Cardueae,Sambucus,0.24108749450511235,-0.1648773664558373,negativo,False
Cardueae,Viburnum,0.2542147247972442,-0.1617951888421296,negativo,False
Cardueae,Tamarix,0.34162243702824624,-0.1297283464758013,negativo,False
Cardueae,Thymelaeaceae,0.5687343660340889,-0.08561145600366421,negativo,False
Cardueae,Ephedra distachya,0.7305066800285378,0.05129958935743868,positivo,False
Cardueae,Ephedra fragilis,0.8687739889114883,0.02415424345546749,positivo,False
Cardueae,Ericaceae,0.8546467757427368,0.026093494493796623,positivo,False
Cardueae,Hereda helix,0.8938284969777154,-0.01932587132674257,negativo,False
Cardueae,Lonicera,0.49071169403410864,-0.09955801901930196,negativo,False
Cardueae,Oleaceae,0.49489285039380415,-0.09938105463554894,negativo,False
Cardueae,Myrtus,0.8837178591779272,-0.02106298322858864,negativo,False
Cardueae,Poaceae,0.30217402367150126,-0.14521489473266488,negativo,False
Cardueae,Artemisia,0.8385309597264013,-0.021817595598642527,negativo,False
Cardueae,Cichorioideae,0.7863833903055293,-0.03279575610857405,negativo,False
Cardueae,Asteroideae,0.040338092501168744,0.2803674559119155,positivo,True
Cardueae,Rubiaceae,0.5628889663287152,-0.07877385282361106,negativo,False
Cardueae,Centaurea,0.13979492163223534,0.20739312833447446,positivo,False
Cardueae,Chenopodiaceae,0.8285992409916945,0.030834152488801902,positivo,False
Cardueae,Caryophyllaceae,0.909907841776408,-0.015304495653143707,negativo,False
Cardueae,Plantago,0.9704777587916916,-0.005316834536032913,negativo,False
Cardueae,Brassicaceae,0.4206686630151075,0.11239711817736148,positivo,False
Cardueae,Saxifragaceae,0.39102561628986976,0.1209476266512303,positivo,False
Cardueae,Fabaceae,0.1719960682133264,0.17403681311839359,positivo,False
Cardueae,Genista,0.236049852279414,0.15596711985390097,positivo,False
Cardueae,Lotus type,0.3447349009802526,-0.13095747357788257,negativo,False
Cardueae,Trifolium type,0.5955599076424745,0.07690502129009807,positivo,False
Cardueae,Rosaceae,0.33732584490802664,-0.10856809442720308,negativo,False
Cardueae,Boraginaceae,0.6751237667980095,-0.06146818336463061,negativo,False
Cardueae,Sedum,0.13983988770475042,-0.1507667906005407,negativo,False
Cardueae,Helianthemum,0.29706888268490655,0.14985236573537197,positivo,False
Cardueae,Lamiaceae,0.5097046956912645,0.09917327667377498,positivo,False
Cardueae,Urticaceae,0.36200848184680523,0.12615717937778717,positivo,False
Cardueae,Rumex,0.7149941383344859,0.05282140664389523,positivo,False
Cardueae,Berberidaceae,0.5537683156858536,0.09137771211430858,positivo,False
Cardueae,Euphorbiaceae,0.6545418422785678,-0.0641986800506839,negativo,False
Cardueae,Primulaceae,0.18871825501535588,-0.17947153219901152,negativo,False
Cardueae,Scrophulariaceae,0.5046086181901082,0.09440747655054646,positivo,False
Cardueae,Papaver,0.5804953987188133,-0.0755686531706188,negativo,False
Cardueae,Campanulaceae,0.5282352963106934,0.09111376078180732,positivo,False
Cardueae,Convolvulaceae,0.6751238292777195,-0.061468170765243225,negativo,False
Cardueae,Liliaceae,0.2664750238263708,0.15793319698021707,positivo,False
Cardueae,Iridaceae,0.40409081042003403,-0.11975589111361709,negativo,False
Cardueae,Crassulaceae,0.5156273152707893,0.09083495625263957,positivo,False
Cardueae,Ranunculaceae,0.3503955643391775,0.13183171222155118,positivo,False
Cardueae,Cistaceae,0.28222242783374496,0.15360267788768503,positivo,False
Cardueae,Apiaceae,0.8751617287823107,-0.02300350285678646,negativo,False
Cardueae,Valerianaceae,0.5093425645539581,-0.0862645250556205,negativo,False
Cardueae,Ranunculus,0.6773865017392007,0.05770278085151958,positivo,False
Rubiaceae,Pinus,0.8943122681408359,-0.013842328423813832,negativo,False
Rubiaceae,Juniperus,0.05976932565355858,0.26216051532483997,positivo,False
Rubiaceae,Taxus,0.354052904469054,-0.13517401352882502,negativo,False
Rubiaceae,Betula,0.1783789252687461,-0.1725163295727736,negativo,False
Rubiaceae,Corylus,0.6030572825931434,0.07166867574897406,positivo,False
Rubiaceae,Salix,0.24795373259914405,0.16485512522914825,positivo,False
Rubiaceae,Ulmus,0.46037830724671613,-0.09279195376578636,negativo,False
Rubiaceae,Populus,0.5902378823248338,0.07995519408438687,positivo,False
Rubiaceae,Acer,0.014023971119335054,0.3500140977546474,positivo,True
Rubiaceae,Fraxinus,0.35622124337489836,-0.135673724512903,negativo,False
Rubiaceae,Tilia,0.4277531973255355,0.11250628389099235,positivo,False
Rubiaceae,Juglans,0.3905246921137808,-0.12637481484638385,negativo,False
Rubiaceae,Pistacia,0.40444982991669554,-0.11590036435735271,negativo,False
Rubiaceae,Rhamnus,0.7922488056589141,0.038538245633540816,positivo,False
Rubiaceae,Buxus,0.007759551163719959,0.39555351894469004,positivo,True
Rubiaceae,Sambucus,0.11279372236625165,0.23161590880659116,positivo,False
Rubiaceae,Viburnum,0.1058109220962074,0.23249930291217294,positivo,False
Rubiaceae,Tamarix,0.33624208486677754,-0.13395021414348326,negativo,False
Rubiaceae,Thymelaeaceae,0.1362605148951876,0.22022998929522652,positivo,False
Rubiaceae,Ephedra distachya,0.3157430295263439,-0.1406358239133669,negativo,False
Rubiaceae,Ephedra fragilis,0.651890214221803,0.06602891374826306,positivo,False
Rubiaceae,Ericaceae,0.6555880226336075,-0.06487130826876258,negativo,False
Rubiaceae,Hereda helix,0.20896259226782507,0.18461408784264186,positivo,False
Rubiaceae,Lonicera,0.27592299226925293,0.16143911473787256,positivo,False
Rubiaceae,Oleaceae,0.9276734377968262,0.013188280051829978,positivo,False
Rubiaceae,Myrtus,0.39052467992082796,-0.12637481765214045,negativo,False
Rubiaceae,Poaceae,0.3124911941258608,0.14641566694911062,positivo,False
Rubiaceae,Artemisia,0.637416370667989,-0.0502149970757618,negativo,False
Rubiaceae,Cichorioideae,0.5428623175169022,-0.07084369427252221,negativo,False
Rubiaceae,Asteroideae,0.8618601913690556,-0.025271354405961385,negativo,False
Rubiaceae,Cardueae,0.9269527347053337,0.013192222951540045,positivo,False
Rubiaceae,Centaurea,0.27661462396058606,-0.15828647943286772,negativo,False
Rubiaceae,Chenopodiaceae,0.9847863606534435,-0.0027669182343225823,negativo,False
Rubiaceae,Caryophyllaceae,0.8799833399260893,0.02090950381462567,positivo,False
Rubiaceae,Plantago,0.4371615921926705,-0.11384556500241019,negativo,False
Rubiaceae,Brassicaceae,0.7711307052631358,-0.04208711365886986,negativo,False
Rubiaceae,Saxifragaceae,0.15807942148818424,-0.20330358148464572,negativo,False
Rubiaceae,Fabaceae,0.14938330965964983,-0.18744445251749256,negativo,False
Rubiaceae,Genista,0.5203121278132131,0.08798371301649557,positivo,False
Rubiaceae,Lotus type,0.6666604766843354,-0.06320954660883354,negativo,False
Rubiaceae,Trifolium type,0.4467930258324204,0.10924894259605514,positivo,False
Rubiaceae,Rosaceae,0.9940306673931201,0.0008787553591634856,positivo,False
Rubiaceae,Boraginaceae,0.6766227165332095,-0.061530535080977784,negativo,False
Rubiaceae,Sedum,0.44761222137053414,0.07718087313076163,positivo,False
Rubiaceae,Helianthemum,0.5332778342021574,0.08828019503827936,positivo,False
Rubiaceae,Lamiaceae,0.7107708115685557,-0.05471296774275631,negativo,False
Rubiaceae,Urticaceae,0.5717945016588895,-0.08080574411254116,negativo,False
Rubiaceae,Rumex,0.451754754404725,0.10935811158643188,positivo,False
Rubiaceae,Berberidaceae,0.38482972521304415,0.1278624970171244,positivo,False
Rubiaceae,Euphorbiaceae,0.6996420125862322,-0.060192936550201324,negativo,False
Rubiaceae,Primulaceae,0.516200802010753,-0.09168581738276127,negativo,False
Rubiaceae,Scrophulariaceae,0.04860309212796741,-0.27906997395555255,negativo,True
Rubiaceae,Papaver,0.9048119138686948,-0.017241371721701274,negativo,False
Rubiaceae,Campanulaceae,0.791549284641734,0.03868313573333616,positivo,False
Rubiaceae,Convolvulaceae,0.6766227150727879,-0.061530535206383505,negativo,False
Rubiaceae,Liliaceae,0.051241380050467654,-0.27448706994854843,negativo,False
Rubiaceae,Iridaceae,0.5691793266414937,-0.0839311622972001,negativo,False
Rubiaceae,Crassulaceae,0.4439860507248531,-0.10858329413907314,negativo,False
Rubiaceae,Ranunculaceae,0.46700653653891167,-0.10583626237084977,negativo,False
Rubiaceae,Cistaceae,0.3562212293584668,-0.13567372838453712,negativo,False
Rubiaceae,Apiaceae,0.30369758011636133,0.14977711600892077,positivo,False
Rubiaceae,Valerianaceae,0.3411149095521596,0.1220462442663002,positivo,False
Rubiaceae,Ranunculus,0.7725427246870471,0.04081414336784165,positivo,False
Centaurea,Pinus,0.6778568077198981,-0.04498343567875729,negativo,False
Centaurea,Juniperus,0.9476525794077076,-0.009044588151439686,negativo,False
Centaurea,Taxus,0.3488413712633788,-0.13091774964027017,negativo,False
Centaurea,Betula,0.8742030745672382,0.019413840611091915,positivo,False
Centaurea,Corylus,0.9746074842145402,0.004152466730832249,positivo,False
Centaurea,Salix,0.8206526115176774,-0.031315890207392894,negativo,False
Centaurea,Ulmus,0.8610981879309791,-0.02152194621710407,negativo,False
Centaurea,Populus,0.6769234231716746,-0.05851265324556816,negativo,False
Centaurea,Acer,0.3095605094848666,-0.14234798707254365,negativo,False
Centaurea,Fraxinus,0.4809263905460117,-0.09855790676981019,negativo,False
Centaurea,Tilia,0.8699510572963216,0.022338024754275154,positivo,False
Centaurea,Juglans,0.45145573822597496,-0.10555826902426668,negativo,False
Centaurea,Pistacia,0.3201104805434919,-0.1190797914424184,negativo,False
Centaurea,Rhamnus,0.6423470056186965,-0.06515580268119212,negativo,False
Centaurea,Buxus,0.7140091385159129,-0.05150215180295623,negativo,False
Centaurea,Sambucus,0.3220680038833261,-0.1369024110255895,negativo,False
Centaurea,Viburnum,0.8984710433058943,0.018151105908928933,positivo,False
Centaurea,Tamarix,0.3116340038653945,-0.13505046099390744,negativo,False
Centaurea,Thymelaeaceae,0.5927170999406846,-0.07513120106735793,negativo,False
Centaurea,Ephedra distachya,0.0083017998839693,0.33942308067335225,positivo,True
Centaurea,Ephedra fragilis,0.2304195854195471,-0.16550594008413,negativo,False
Centaurea,Ericaceae,0.0593536610932571,0.2548657569481896,positivo,False
Centaurea,Hereda helix,0.9783572704458948,0.003817176891594311,positivo,False
Centaurea,Lonicera,0.9392159460879614,-0.010702471213441618,negativo,False
Centaurea,Oleaceae,0.15740049055585967,-0.19504356399323403,negativo,False
Centaurea,Myrtus,0.45145575980956065,-0.1055582640502136,negativo,False
Centaurea,Poaceae,0.4951320182190203,0.09431909221392665,positivo,False
Centaurea,Artemisia,0.21798582094227423,-0.12385951511060606,negativo,False
Centaurea,Cichorioideae,0.7150288604515947,0.04404606412832157,positivo,False
Centaurea,Asteroideae,0.7313829856781158,-0.049107734550278864,negativo,False
Centaurea,Cardueae,0.45743585062810665,0.10144997836439587,positivo,False
Centaurea,Rubiaceae,0.2693588975010974,-0.14637909101906535,negativo,False
Centaurea,Chenopodiaceae,0.30372999756256475,-0.14394271905259323,negativo,False
Centaurea,Caryophyllaceae,0.46568685796704246,0.09541569470375551,positivo,False
Centaurea,Plantago,0.49500066782887275,-0.09532922340865778,negativo,False
Centaurea,Brassicaceae,0.7260231346826378,0.05127394740503041,positivo,False
Centaurea,Saxifragaceae,0.3639508031148052,-0.1254920192088686,negativo,False
Centaurea,Fabaceae,0.9545182550970626,0.007171102678212693,positivo,False
Centaurea,Genista,0.7863821182422253,0.0352635677880388,positivo,False
Centaurea,Lotus type,0.6313773971563895,0.06535161067329406,positivo,False
Centaurea,Trifolium type,0.9510878073347853,-0.00840206379738126,negativo,False
Centaurea,Rosaceae,0.4414206070616321,0.08542661462882212,positivo,False
Centaurea,Boraginaceae,0.7140091465385077,-0.05150215023760324,negativo,False
Centaurea,Sedum,0.1295898048923227,0.1421565509302126,positivo,False
Centaurea,Helianthemum,0.23587574689387414,0.15777955728945603,positivo,False
Centaurea,Lamiaceae,0.8390266813789524,-0.028325478056525355,negativo,False
Centaurea,Urticaceae,0.06920399378743601,-0.24191653263339907,negativo,False
Centaurea,Rumex,0.9755957797626534,-0.00426590420918839,negativo,False
Centaurea,Berberidaceae,0.39548123842277894,0.11925980648463361,positivo,False
Centaurea,Euphorbiaceae,0.7140091434272724,-0.051502150867526485,negativo,False
Centaurea,Primulaceae,0.3205137772746719,0.1332883732787506,positivo,False
Centaurea,Scrophulariaceae,0.23396881619394205,0.165207507530365,positivo,False
Centaurea,Papaver,0.2819383926010681,-0.14299638853962393,negativo,False
Centaurea,Campanulaceae,0.0008831749692814705,0.4297170409948396,positivo,True
Centaurea,Convolvulaceae,0.7140092474365629,-0.05150213127460864,negativo,False
Centaurea,Liliaceae,0.43054955956361074,-0.10799868656176015,negativo,False
Centaurea,Iridaceae,0.2914728280107957,0.16318972336326074,positivo,False
Centaurea,Crassulaceae,0.8036768019771537,-0.03390458908326709,negativo,False
Centaurea,Ranunculaceae,0.25528398299064303,0.15666651039512278,positivo,False
Centaurea,Cistaceae,0.41866507666857056,-0.11328346204314715,negativo,False
Centaurea,Apiaceae,0.07363502095382744,0.24314091358095993,positivo,False
Centaurea,Valerianaceae,0.01140593335165014,0.3057148640557491,positivo,True
Centaurea,Ranunculus,0.3225689938342483,-0.13308062706307552,negativo,False
Chenopodiaceae,Pinus,0.7450718187393229,-0.03294910850357291,negativo,False
Chenopodiaceae,Juniperus,0.026889138419627798,0.2875908892291039,positivo,True
Chenopodiaceae,Taxus,0.5657728063374172,-0.08000953168016081,negativo,False
Chenopodiaceae,Betula,0.7226026844939888,-0.043737069314387644,negativo,False
Chenopodiaceae,Corylus,0.5055558089866732,-0.08679180611644088,negativo,False
Chenopodiaceae,Salix,0.8625182795092412,-0.023537069173605485,negativo,False
Chenopodiaceae,Ulmus,0.12894118168945018,0.1848527490683548,positivo,False
Chenopodiaceae,Populus,0.8465114492426927,0.027132042232749475,positivo,False
Chenopodiaceae,Acer,0.025575150450427298,0.3004183671185442,positivo,True
Chenopodiaceae,Fraxinus,0.3443800109203844,0.13179804328276445,positivo,False
Chenopodiaceae,Tilia,0.9335269202721072,0.011364962730991551,positivo,False
Chenopodiaceae,Juglans,0.9613618776540308,0.006784811514584391,positivo,False
Chenopodiaceae,Pistacia,0.8313392338072655,0.025671389319578054,positivo,False
Chenopodiaceae,Rhamnus,0.4427478385052409,-0.10809934284029002,negativo,False
Chenopodiaceae,Buxus,0.8353316419541197,-0.030114150446866134,negativo,False
Chenopodiaceae,Sambucus,0.4908687415810892,0.09632668950034473,positivo,False
Chenopodiaceae,Viburnum,0.3426934717299628,-0.13953151883161607,negativo,False
Chenopodiaceae,Tamarix,0.774766820489156,0.038354029836894066,positivo,False
Chenopodiaceae,Thymelaeaceae,0.2574920831209227,0.1579662102196821,positivo,False
Chenopodiaceae,Ephedra distachya,0.039997664348356554,-0.2708720553912944,negativo,True
Chenopodiaceae,Ephedra fragilis,0.41244177774842583,-0.113501131902225,negativo,False
Chenopodiaceae,Ericaceae,0.7388004743528169,0.04759547340328049,positivo,False
Chenopodiaceae,Hereda helix,0.955963828575869,-0.008201009586955382,negativo,False
Chenopodiaceae,Lonicera,0.5275494811458583,-0.08832415797296597,negativo,False
Chenopodiaceae,Oleaceae,0.31388471514827293,0.13933727523035824,positivo,False
Chenopodiaceae,Myrtus,0.7582648302958095,0.043073295693176014,positivo,False
Chenopodiaceae,Poaceae,0.8690350903974016,-0.0227891767803711,negativo,False
Chenopodiaceae,Artemisia,0.2595390671115226,0.11557574984884686,positivo,False
Chenopodiaceae,Cichorioideae,0.8233183665461161,0.025589457010567584,positivo,False
Chenopodiaceae,Asteroideae,0.6381329980190613,-0.06479353922483772,negativo,False
Chenopodiaceae,Cardueae,0.3626670380557119,-0.1254922447163426,negativo,False
Chenopodiaceae,Rubiaceae,0.950487282444215,0.008319732111450671,positivo,False
Chenopodiaceae,Centaurea,0.23084112451396338,-0.16948917236012154,negativo,False
Chenopodiaceae,Caryophyllaceae,0.30560440414997136,0.13542771512798218,positivo,False
Chenopodiaceae,Plantago,0.09403229669718526,0.2299471342904097,positivo,False
Chenopodiaceae,Brassicaceae,0.4639114521629397,-0.1005957271777787,negativo,False
Chenopodiaceae,Saxifragaceae,0.17443117415102039,0.18553680219319563,positivo,False
Chenopodiaceae,Fabaceae,0.0862469609148873,-0.21282957920501552,negativo,False
Chenopodiaceae,Genista,0.11549329921561557,-0.20088126454458297,negativo,False
Chenopodiaceae,Lotus type,0.30596229136257785,0.13825669620471628,positivo,False
Chenopodiaceae,Trifolium type,0.9021519597164054,0.016911792890678345,positivo,False
Chenopodiaceae,Rosaceae,0.485764157045555,0.07728600779486361,positivo,False
Chenopodiaceae,Boraginaceae,0.2524892677614063,0.1610521902370801,positivo,False
Chenopodiaceae,Sedum,0.9182365823591052,-0.00978841075994924,negativo,False
Chenopodiaceae,Helianthemum,0.8261292416820989,0.030113464539062496,positivo,False
Chenopodiaceae,Lamiaceae,0.3598138225668863,-0.12586544054925738,negativo,False
Chenopodiaceae,Urticaceae,0.6246235473877573,-0.06723912993090525,negativo,False
Chenopodiaceae,Rumex,0.43479105740527546,0.11015686919091199,positivo,False
Chenopodiaceae,Berberidaceae,0.6009973461307152,-0.07503024018741823,negativo,False
Chenopodiaceae,Euphorbiaceae,0.3617782100446443,-0.1273273098218709,negativo,False
Chenopodiaceae,Primulaceae,0.9218623542539469,0.013242603026097768,positivo,False
Chenopodiaceae,Scrophulariaceae,0.0438761028060351,-0.27306619757691625,negativo,True
Chenopodiaceae,Papaver,0.918188601725449,0.013897577399895104,positivo,False
Chenopodiaceae,Campanulaceae,0.7576574702982224,-0.04302134533570572,negativo,False
Chenopodiaceae,Convolvulaceae,0.2524892868757394,0.16105218431856586,positivo,False
Chenopodiaceae,Liliaceae,0.09297270770824832,-0.2334662112655399,negativo,False
Chenopodiaceae,Iridaceae,0.9171661499159532,0.014742330342142507,positivo,False
Chenopodiaceae,Crassulaceae,0.9204260871548313,-0.013819501601484208,negativo,False
Chenopodiaceae,Ranunculaceae,0.30933670078579795,-0.14146472469325266,negativo,False
Chenopodiaceae,Cistaceae,0.40298191282825113,0.11718421770323376,positivo,False
Chenopodiaceae,Apiaceae,0.7145433033350888,-0.050500971152472623,negativo,False
Chenopodiaceae,Valerianaceae,0.784183149203546,0.03430226171811393,positivo,False
Chenopodiaceae,Ranunculus,0.197966256744986,0.1722268931047069,positivo,False
Caryophyllaceae,Pinus,0.35725091005718534,0.09187667016518358,positivo,False
Caryophyllaceae,Juniperus,0.9573042550087218,-0.007301991253730988,negativo,False
Caryophyllaceae,Taxus,0.9910791110464348,0.0015739908248218124,positivo,False
Caryophyllaceae,Betula,0.68402929810691,-0.05043276695765497,negativo,False
Caryophyllaceae,Corylus,0.8932916850705882,0.0181446116682355,positivo,False
Caryophyllaceae,Salix,0.8968557240061411,-0.017886742894462737,negativo,False
Caryophyllaceae,Ulmus,0.5717636280057918,0.06942605396493912,positivo,False
Caryophyllaceae,Populus,0.7532012134330682,-0.045040377741828605,negativo,False
Caryophyllaceae,Acer,0.2764531331281129,-0.15340203277354403,negativo,False
Caryophyllaceae,Fraxinus,0.5276907404644873,-0.0888869021949931,negativo,False
Caryophyllaceae,Tilia,0.7874630641220131,0.03716970039283643,positivo,False
Caryophyllaceae,Juglans,0.522450346269673,0.09198849141843654,positivo,False
Caryophyllaceae,Pistacia,0.9194834645234665,-0.012267167555100947,negativo,False
Caryophyllaceae,Rhamnus,0.6457567825085386,0.0645161022262514,positivo,False
Caryophyllaceae,Buxus,0.7402347821396715,-0.04684739563624398,negativo,False
Caryophyllaceae,Sambucus,0.16965273329383027,-0.19155441244163302,negativo,False
Caryophyllaceae,Viburnum,0.5367256249715461,-0.08783772021875402,negativo,False
Caryophyllaceae,Tamarix,0.12500587986897926,0.20328869042159273,positivo,False
Caryophyllaceae,Thymelaeaceae,0.3891313358898325,-0.1216557356154616,negativo,False
Caryophyllaceae,Ephedra distachya,0.12800784192453732,0.2081863016474653,positivo,False
Caryophyllaceae,Ephedra fragilis,0.9494281009249499,0.008862870143835272,positivo,False
Caryophyllaceae,Ericaceae,0.10337269069770849,-0.23678680544521796,negativo,False
Caryophyllaceae,Hereda helix,0.710369621958723,0.05217684548319203,positivo,False
Caryophyllaceae,Lonicera,0.0016215228365172023,0.4298762438057245,positivo,True
Caryophyllaceae,Oleaceae,0.8644371601169085,-0.023934892765765103,negativo,False
Caryophyllaceae,Myrtus,0.3619947627658595,-0.12813450133345392,negativo,False
Caryophyllaceae,Poaceae,0.7979171370902852,-0.036076678197019645,negativo,False
Caryophyllaceae,Artemisia,0.930273913636665,0.009159775636507196,positivo,False
Caryophyllaceae,Cichorioideae,0.5652734938683053,0.06286292278400685,positivo,False
Caryophyllaceae,Asteroideae,0.6334666730084912,0.0663545434161991,positivo,False
Caryophyllaceae,Cardueae,0.3193912050745952,0.13759880091221527,positivo,False
Caryophyllaceae,Rubiaceae,0.5701390804697137,-0.07658745905832363,negativo,False
Caryophyllaceae,Centaurea,0.13982093757718997,0.2044210863719103,positivo,False
Caryophyllaceae,Chenopodiaceae,0.48934963423060873,0.09700940257779089,positivo,False
Caryophyllaceae,Plantago,0.16727229569197755,-0.19261272605468635,negativo,False
Caryophyllaceae,Brassicaceae,0.9136984082680302,0.014955227493490222,positivo,False
Caryophyllaceae,Saxifragaceae,0.7079576915933827,-0.05627554597675881,negativo,False
Caryophyllaceae,Fabaceae,0.12668929834515996,0.19148244637476666,positivo,False
Caryophyllaceae,Genista,0.6466729660527443,0.0603786044303906,positivo,False
Caryophyllaceae,Lotus type,0.991885418931289,-0.00144706648572962,negativo,False
Caryophyllaceae,Trifolium type,0.28920116130702844,-0.14881383723332955,negativo,False
Caryophyllaceae,Rosaceae,0.9268721483150445,0.01078558235717153,positivo,False
Caryophyllaceae,Boraginaceae,0.362466424205948,-0.1279536527968387,negativo,False
Caryophyllaceae,Sedum,0.9397165580735806,-0.008130286239899254,negativo,False
Caryophyllaceae,Helianthemum,0.11774491126269063,-0.2151372066704189,negativo,False
Caryophyllaceae,Lamiaceae,0.2651901125251311,0.15414561826434028,positivo,False
Caryophyllaceae,Urticaceae,0.0017144816379290745,0.4339859181382091,positivo,True
Caryophyllaceae,Rumex,0.6283043479997887,0.06775909428918359,positivo,False
Caryophyllaceae,Berberidaceae,0.5357559749399442,0.09144826103183552,positivo,False
Caryophyllaceae,Euphorbiaceae,0.3563877762075456,-0.12961116648034193,negativo,False
Caryophyllaceae,Primulaceae,0.9106533322670469,-0.015297089619670926,negativo,False
Caryophyllaceae,Scrophulariaceae,0.8903255574579079,0.019287106174550296,positivo,False
Caryophyllaceae,Papaver,0.10219819193804701,0.2234192529044229,positivo,False
Caryophyllaceae,Campanulaceae,0.2809533610200444,-0.1497951544452337,negativo,False
Caryophyllaceae,Convolvulaceae,0.3624663598221096,-0.12795366954184617,negativo,False
Caryophyllaceae,Liliaceae,0.9212311678145418,0.01371948497697334,positivo,False
Caryophyllaceae,Iridaceae,0.3854481201670218,0.12204736426794177,positivo,False
Caryophyllaceae,Crassulaceae,0.8409647823823418,-0.027599778348861022,negativo,False
Caryophyllaceae,Ranunculaceae,0.6445044715154299,-0.0648785177273596,negativo,False
Caryophyllaceae,Cistaceae,0.5561107843524475,-0.08371847776784055,negativo,False
Caryophyllaceae,Apiaceae,0.6000479617663238,-0.0777394884073735,negativo,False
Caryophyllaceae,Valerianaceae,0.7492937583459307,0.04236833059393705,positivo,False
Caryophyllaceae,Ranunculus,0.35082863161816924,0.12827612440984665,positivo,False
Plantago,Pinus,0.23621758503375123,-0.11623922321667113,negativo,False
Plantago,Juniperus,0.7094720717014413,0.05025412606918622,positivo,False
Plantago,Taxus,0.49928800513280625,-0.09433961990353862,negativo,False
Plantago,Betula,0.6196664962575797,0.060720539901050974,positivo,False
Plantago,Corylus,0.5222179430679936,0.08319604345218667,positivo,False
Plantago,Salix,0.2844701592119347,-0.1455555399551453,negativo,False
Plantago,Ulmus,0.3701412540927095,0.10772720430957172,positivo,False
Plantago,Populus,0.5046620646356613,-0.09322537071685677,negativo,False
Plantago,Acer,0.46510810324059404,-0.10203695382989088,negativo,False
Plantago,Fraxinus,0.3794351116395278,0.12262359388337142,positivo,False
Plantago,Tilia,0.6666582921828362,0.05852627374478617,positivo,False
Plantago,Juglans,0.6902634565986879,-0.0573394500425274,negativo,False
Plantago,Pistacia,0.9325167553863816,0.010239235052822718,positivo,False
Plantago,Rhamnus,0.45629398673792365,-0.10379396073063313,negativo,False
Plantago,Buxus,0.7904769743099083,-0.03731196863210312,negativo,False
Plantago,Sambucus,0.4307551134430614,-0.1096024888617993,negativo,False
Plantago,Viburnum,0.4842080144889659,-0.09760403998929017,negativo,False
Plantago,Tamarix,0.7590410683920708,0.04123783910827672,positivo,False
Plantago,Thymelaeaceae,0.698498120500142,-0.05436241334735997,negativo,False
Plantago,Ephedra distachya,0.5202866178208095,-0.08656895504965631,negativo,False
Plantago,Ephedra fragilis,0.7524750333345532,-0.04520496521868933,negativo,False
Plantago,Ericaceae,0.47492697968122,0.09913080089626439,positivo,False
Plantago,Hereda helix,0.5930121609659027,-0.07469780489818263,negativo,False
Plantago,Lonicera,0.43594196926776674,-0.10877253980622975,negativo,False
Plantago,Oleaceae,0.08996477527371488,-0.24336341271552614,negativo,False
Plantago,Myrtus,0.690263422630615,-0.05733945654907395,negativo,False
Plantago,Poaceae,0.21107373686471498,0.1752840841920521,positivo,False
Plantago,Artemisia,0.5494011426471274,-0.06071892871533066,negativo,False
Plantago,Cichorioideae,0.183458913107434,0.1421110883590374,positivo,False
Plantago,Asteroideae,0.6933617510016601,-0.05451275110563556,negativo,False
Plantago,Cardueae,0.9931816112246303,-0.0011758903041835522,negativo,False
Plantago,Rubiaceae,0.4309474281063508,-0.10481943299079044,negativo,False
Plantago,Centaurea,0.8243311896001573,0.03101487160580728,positivo,False
Plantago,Chenopodiaceae,0.9785054779246432,0.003714768271041946,positivo,False
Plantago,Caryophyllaceae,0.010985775604897748,0.31975780273338017,positivo,True
Plantago,Brassicaceae,0.01106862282382966,0.33307050166447555,positivo,True
Plantago,Saxifragaceae,0.6278032676705803,0.07215362645376586,positivo,False
Plantago,Fabaceae,0.8472256891196521,0.02422965018109821,positivo,False
Plantago,Genista,0.5422093788344566,-0.07931969066051417,negativo,False
Plantago,Lotus type,0.39869520211809395,0.11456703107500532,positivo,False
Plantago,Trifolium type,0.15114546296760298,0.20432780520182753,positivo,False
Plantago,Rosaceae,0.8735928829280899,-0.017738598096348035,negativo,False
Plantago,Boraginaceae,0.8200512233966624,-0.034198523742641436,negativo,False
Plantago,Sedum,0.2760807584494667,0.10271565791907977,positivo,False
Plantago,Helianthemum,0.17156708338387816,0.1834600762837853,positivo,False
Plantago,Lamiaceae,0.44627976587165774,0.10670913906608005,positivo,False
Plantago,Urticaceae,0.9276236347448243,0.012519632212076498,positivo,False
Plantago,Rumex,0.04416528833921513,0.2716494980387958,positivo,True
Plantago,Berberidaceae,0.0025228206136931317,0.3980797868485109,positivo,True
Plantago,Euphorbiaceae,0.7904768995201907,-0.037311982174132986,negativo,False
Plantago,Primulaceae,0.05304289874766578,0.25402229578542374,positivo,False
Plantago,Scrophulariaceae,0.007654856275706805,0.3498013762012726,positivo,True
Plantago,Papaver,0.012425437653717794,0.32155337635857284,positivo,True
Plantago,Campanulaceae,0.7472638780885619,-0.045351923922510314,negativo,False
Plantago,Convolvulaceae,0.8200512760740719,-0.03419851343040134,negativo,False
Plantago,Liliaceae,0.10978404190431855,0.22084825349279127,positivo,False
Plantago,Iridaceae,0.47417499391483264,-0.09995568750660526,negativo,False
Plantago,Crassulaceae,0.01723268179237262,0.3113453668096954,positivo,True
Plantago,Ranunculaceae,0.03811843390460125,0.2794022768747504,positivo,True
Plantago,Cistaceae,0.23723469414240556,0.17347095784271427,positivo,False
Plantago,Apiaceae,0.01893292556583733,0.31165395291837583,positivo,True
Plantago,Valerianaceae,0.2393432479577538,0.14306086696176518,positivo,False
Plantago,Ranunculus,0.6363231732510848,0.06522694187442132,positivo,False
Brassicaceae,Pinus,0.270843710755334,0.1097014992627382,positivo,False
Brassicaceae,Juniperus,0.38263507782996875,-0.12358057682152099,negativo,False
Brassicaceae,Taxus,0.07960581405758983,0.2402486051438084,positivo,False
Brassicaceae,Betula,0.9031103700839243,-0.015299054653683197,negativo,False
Brassicaceae,Corylus,0.49754405355153797,-0.09164177988951333,negativo,False
Brassicaceae,Salix,0.42968296658893,-0.10858217936006939,negativo,False
Brassicaceae,Ulmus,0.29827201455859853,-0.12471566927397373,negativo,False
Brassicaceae,Populus,0.5941768778577083,-0.07545161466647633,negativo,False
Brassicaceae,Acer,0.2564074917126076,0.15734590441941076,positivo,False
Brassicaceae,Fraxinus,0.3452412802370264,-0.1317218747080734,negativo,False
Brassicaceae,Tilia,0.019566495105608043,0.3064931731004611,positivo,True
Brassicaceae,Juglans,0.4217302986821262,-0.11333854849585387,negativo,False
Brassicaceae,Pistacia,0.20879137314841723,-0.15281107016942208,negativo,False
Brassicaceae,Rhamnus,0.46282466875786576,0.10350604639225405,positivo,False
Brassicaceae,Buxus,0.5238949088551823,-0.0898358982610165,negativo,False
Brassicaceae,Sambucus,0.12610215890603274,-0.21430661835563325,negativo,False
Brassicaceae,Viburnum,0.2812004579351162,-0.15045502878729136,negativo,False
Brassicaceae,Tamarix,0.1461319834638395,-0.19196567597147415,negativo,False
Brassicaceae,Thymelaeaceae,0.36179626766237905,-0.12780558790374313,negativo,False
Brassicaceae,Ephedra distachya,0.5131191752352906,0.08804512746735796,positivo,False
Brassicaceae,Ephedra fragilis,0.17212292028582188,-0.18750399417760352,negativo,False
Brassicaceae,Ericaceae,0.8003906732642132,0.035107978941915446,positivo,False
Brassicaceae,Hereda helix,0.6325085251058682,-0.06695774684532102,negativo,False
Brassicaceae,Lonicera,0.4873837486708521,-0.0983461714660921,negativo,False
Brassicaceae,Oleaceae,0.01086213071119742,-0.33818930931182833,negativo,True
Brassicaceae,Myrtus,0.38146167165201617,0.12579332160402906,positivo,False
Brassicaceae,Poaceae,0.3646236316755094,0.12837796433799312,positivo,False
Brassicaceae,Artemisia,0.1566224561852431,-0.1409000890060065,negativo,False
Brassicaceae,Cichorioideae,0.7116286709970838,-0.04135459179614531,negativo,False
Brassicaceae,Asteroideae,0.7340710972850877,0.05053107842211162,positivo,False
Brassicaceae,Cardueae,0.19469306277323725,0.17618859279582422,positivo,False
Brassicaceae,Rubiaceae,0.8276179080950463,0.029314633205145622,positivo,False
Brassicaceae,Centaurea,0.38475667167081384,0.12923846048190715,positivo,False
Brassicaceae,Chenopodiaceae,0.4658508569349846,-0.10090214748800204,negativo,False
Brassicaceae,Caryophyllaceae,0.8087256207862843,0.031823293858561696,positivo,False
Brassicaceae,Plantago,0.8224237469161383,-0.03152521501360099,negativo,False
Brassicaceae,Saxifragaceae,0.4538549107324781,-0.10377397790545616,negativo,False
Brassicaceae,Fabaceae,0.7193691934766657,-0.04524258168901268,negativo,False
Brassicaceae,Genista,0.23736701471177102,0.15506231035946716,positivo,False
Brassicaceae,Lotus type,0.9904122714796114,0.0016394045001582591,positivo,False
Brassicaceae,Trifolium type,0.33071650792006335,-0.14239200757133252,negativo,False
Brassicaceae,Rosaceae,0.6569601843262833,0.049473983536687194,positivo,False
Brassicaceae,Boraginaceae,0.5332285544490348,-0.08750186208499146,negativo,False
Brassicaceae,Sedum,0.09189301136105836,0.15808270029097787,positivo,False
Brassicaceae,Helianthemum,0.9808134363008014,0.003218398871193018,positivo,False
Brassicaceae,Lamiaceae,0.6623659377256103,-0.06116801535304686,negativo,False
Brassicaceae,Urticaceae,0.5017762058200327,-0.09271681634158374,negativo,False
Brassicaceae,Rumex,0.9091018260598327,0.01592452326684554,positivo,False
Brassicaceae,Berberidaceae,0.4334950621590574,0.11018064090813108,positivo,False
Brassicaceae,Euphorbiaceae,0.20260665597047828,-0.17800818879214006,negativo,False
Brassicaceae,Primulaceae,0.0004037682410078324,0.491678449849643,positivo,True
Brassicaceae,Scrophulariaceae,0.45586137580126107,0.10509554974538839,positivo,False
Brassicaceae,Papaver,0.15057775790632047,-0.18961175135923258,negativo,False
Brassicaceae,Campanulaceae,0.07092238504361496,0.2526388156324546,positivo,False
Brassicaceae,Convolvulaceae,0.5332285461686985,-0.08750186386820276,negativo,False
Brassicaceae,Liliaceae,0.03410138241955415,-0.2840996647542096,negativo,True
Brassicaceae,Iridaceae,0.7961527728899328,0.036306954509396375,positivo,False
Brassicaceae,Crassulaceae,0.311166037416891,0.1788592699746505,positivo,False
Brassicaceae,Ranunculaceae,0.4325827859461452,0.12696385582510358,positivo,False
Brassicaceae,Cistaceae,0.3325038777998689,-0.13505800920923838,negativo,False
Brassicaceae,Apiaceae,0.06544567470224752,0.25427647193332453,positivo,False
Brassicaceae,Valerianaceae,0.11547883358448602,0.191656382702698,positivo,False
Brassicaceae,Ranunculus,0.1556816316998453,0.1899564098704985,positivo,False
Saxifragaceae,Pinus,0.716393057697517,-0.03737927247526307,negativo,False
Saxifragaceae,Juniperus,0.37796513551787103,0.12273357566220228,positivo,False
Saxifragaceae,Taxus,0.9567888183200789,0.007605041964504861,positivo,False
Saxifragaceae,Betula,0.8418692058402867,0.025534290230407874,positivo,False
Saxifragaceae,Corylus,0.570043738540369,0.07509306007027755,positivo,False
Saxifragaceae,Salix,0.6793800327180645,-0.05730396472135524,negativo,False
Saxifragaceae,Ulmus,0.3440592482442497,0.11604431299041745,positivo,False
Saxifragaceae,Populus,0.18665134655995722,-0.1844624632368446,negativo,False
Saxifragaceae,Acer,0.10177273274868083,-0.22503130398377336,negativo,False
Saxifragaceae,Fraxinus,0.9528602771219501,0.008381290853851761,positivo,False
Saxifragaceae,Tilia,0.8344486649736245,0.028752066053014017,positivo,False
Saxifragaceae,Juglans,0.7538306782758404,-0.04409971237937094,negativo,False
Saxifragaceae,Pistacia,0.6883594759270193,0.048669350978437415,positivo,False
Saxifragaceae,Rhamnus,0.6389460391948065,-0.0667809536715684,negativo,False
Saxifragaceae,Buxus,0.829589925375969,0.03049336623941882,positivo,False
Saxifragaceae,Sambucus,0.23403638340248617,-0.16551659519939343,negativo,False
Saxifragaceae,Viburnum,0.12084630514296153,-0.21941280787630618,negativo,False
Saxifragaceae,Tamarix,0.4993335319818534,-0.09030257531822497,negativo,False
Saxifragaceae,Thymelaeaceae,0.7351480387674583,-0.047674707282737906,negativo,False
Saxifragaceae,Ephedra distachya,0.3740024256756861,0.1193100752111485,positivo,False
Saxifragaceae,Ephedra fragilis,0.379968388323336,0.12193743879200128,positivo,False
Saxifragaceae,Ericaceae,0.4399133778466948,0.11080956003467665,positivo,False
Saxifragaceae,Hereda helix,0.6923030239528292,0.056324539546776325,positivo,False
Saxifragaceae,Lonicera,0.07006092853139172,0.25102367151396077,positivo,False
Saxifragaceae,Oleaceae,0.4907245031559071,0.09688920444680515,positivo,False
Saxifragaceae,Myrtus,0.654170512054224,0.06290088715989378,positivo,False
Saxifragaceae,Poaceae,0.6169353896671208,0.07034583898536108,positivo,False
Saxifragaceae,Artemisia,0.11512089003635297,0.16400878072824118,positivo,False
Saxifragaceae,Cichorioideae,0.7352129904927164,0.037013871606263404,positivo,False
Saxifragaceae,Asteroideae,0.7883460650074442,0.039305053333315715,positivo,False
Saxifragaceae,Cardueae,0.5112377793568849,0.09028359739206343,positivo,False
Saxifragaceae,Rubiaceae,0.14070164425998152,-0.19547191348437726,negativo,False
Saxifragaceae,Centaurea,0.4722986646027757,-0.10081049694747592,negativo,False
Saxifragaceae,Chenopodiaceae,0.13999760483851323,0.20092410259801455,positivo,False
Saxifragaceae,Caryophyllaceae,0.13728442747654857,0.20781493696702047,positivo,False
Saxifragaceae,Plantago,0.27922526300730754,0.16239902484569538,positivo,False
Saxifragaceae,Brassicaceae,0.05413770022783007,0.2586657438602632,positivo,False
Saxifragaceae,Fabaceae,0.9576076779192754,-0.006709750211633031,negativo,False
Saxifragaceae,Genista,0.4532182519434905,-0.09744492309462097,negativo,False
Saxifragaceae,Lotus type,0.027956184916381945,0.29054096400137563,positivo,True
Saxifragaceae,Trifolium type,0.02981227022981213,0.3125160305028858,positivo,True
Saxifragaceae,Rosaceae,0.9412101901690108,0.008747450644537635,positivo,False
Saxifragaceae,Boraginaceae,0.4736206005279989,-0.10071571831974073,negativo,False
Saxifragaceae,Sedum,0.022882272427235707,0.2182454841546987,positivo,True
Saxifragaceae,Helianthemum,0.8347804168498478,0.02803082896653139,positivo,False
Saxifragaceae,Lamiaceae,0.808130144445381,-0.03405049899117546,negativo,False
Saxifragaceae,Urticaceae,0.10232226236970918,0.2209469665981855,positivo,False
Saxifragaceae,Rumex,0.30577250436011055,0.14190096323347728,positivo,False
Saxifragaceae,Berberidaceae,0.005632262403006189,0.3692749724823358,positivo,True
Saxifragaceae,Euphorbiaceae,0.4736205068229353,-0.10071573951046499,negativo,False
Saxifragaceae,Primulaceae,0.1810159704291109,0.17937399737630974,positivo,False
Saxifragaceae,Scrophulariaceae,0.6488227687132289,-0.06478239096229613,negativo,False
Saxifragaceae,Papaver,0.9675148195456528,0.005572534320015067,positivo,False
Saxifragaceae,Campanulaceae,0.11554342574531874,-0.2242610043554997,negativo,False
Saxifragaceae,Convolvulaceae,0.47362060640735637,-0.10071571695304277,negativo,False
Saxifragaceae,Liliaceae,0.5673269535924086,-0.07892149737705334,negativo,False
Saxifragaceae,Iridaceae,0.17195500755422397,-0.1944917899529139,negativo,False
Saxifragaceae,Crassulaceae,0.4610902626256802,0.1003664750239987,positivo,False
Saxifragaceae,Ranunculaceae,0.1204333642951132,0.21783274151600948,positivo,False
Saxifragaceae,Cistaceae,0.2684888587000167,0.15733941845014193,positivo,False
Saxifragaceae,Apiaceae,0.0014836700680263494,0.41597442010861496,positivo,True
Saxifragaceae,Valerianaceae,0.29660139306460137,0.12851327980295135,positivo,False
Saxifragaceae,Ranunculus,0.06625547095363737,0.24379268449513997,positivo,False
Fabaceae,Pinus,0.7869907180538241,0.02704473273248087,positivo,False
Fabaceae,Juniperus,0.9707689426359616,0.0049165198195477156,positivo,False
Fabaceae,Taxus,0.4673690643737274,-0.10118796491626733,negativo,False
Fabaceae,Betula,0.7363931503821757,0.04216116574624129,positivo,False
Fabaceae,Corylus,0.8890063816770879,0.01823122734223559,positivo,False
Fabaceae,Salix,0.30166000850888763,-0.14092722593364765,negativo,False
Fabaceae,Ulmus,0.7970400924448181,-0.03095239385510079,negativo,False
Fabaceae,Populus,0.8400996062665285,-0.028446985715409254,negativo,False
Fabaceae,Acer,0.7649609980809623,0.041723252010599066,positivo,False
Fabaceae,Fraxinus,0.7982037223289731,0.035994567981108935,positivo,False
Fabaceae,Tilia,0.1986046188238613,0.1732800732768306,positivo,False
Fabaceae,Juglans,0.8787905459466596,0.021398778565621314,positivo,False
Fabaceae,Pistacia,0.6668025862988725,0.053114078858652644,positivo,False
Fabaceae,Rhamnus,0.23126958768428182,-0.16671229341030228,negativo,False
Fabaceae,Buxus,0.41688336109366697,-0.11428364938179211,negativo,False
Fabaceae,Sambucus,0.3664735327180355,-0.12504216877844168,negativo,False
Fabaceae,Viburnum,0.9728680285734954,0.004750053481259467,positivo,False
Fabaceae,Tamarix,0.8917930212861874,-0.01821918011718532,negativo,False
Fabaceae,Thymelaeaceae,0.96935820357465,0.0055185811258297275,positivo,False
Fabaceae,Ephedra distachya,0.36574335525947455,0.12331859206939202,positivo,False
Fabaceae,Ephedra fragilis,0.6261380692325185,-0.06757888925999875,negativo,False
Fabaceae,Ericaceae,0.26201296638360455,0.15710340332039183,positivo,False
Fabaceae,Hereda helix,0.059888013205972666,-0.2569855313033293,negativo,False
Fabaceae,Lonicera,0.11206988733204325,0.21965562386317833,positivo,False
Fabaceae,Oleaceae,0.7277194855372744,0.048121961152702064,positivo,False
Fabaceae,Myrtus,0.9319087994771287,-0.012040418833845538,negativo,False
Fabaceae,Poaceae,0.5540859826945085,0.08250567227129128,positivo,False
Fabaceae,Artemisia,0.38867099110209624,0.09319426257520746,positivo,False
Fabaceae,Cichorioideae,0.974376643819729,-0.0034787097421921653,negativo,False
Fabaceae,Asteroideae,0.7875064573499495,0.03726704721595772,positivo,False
Fabaceae,Cardueae,0.1957304626157646,0.1764094257796427,positivo,False
Fabaceae,Rubiaceae,0.6520061052710577,-0.06024390799263564,negativo,False
Fabaceae,Centaurea,0.8639426645220023,-0.02396244395879977,negativo,False
Fabaceae,Chenopodiaceae,0.6501472795961869,-0.0629966089638506,negativo,False
Fabaceae,Caryophyllaceae,0.44499645239195684,0.10070009776520056,positivo,False
Fabaceae,Plantago,0.6134974327952565,0.07075487675083658,positivo,False
Fabaceae,Brassicaceae,0.8624140220911722,0.023793953125117173,positivo,False
Fabaceae,Saxifragaceae,0.16467196949257926,0.19002701445961132,positivo,False
Fabaceae,Genista,0.7209085786160591,0.05012152397972244,positivo,False
Fabaceae,Lotus type,0.5052768103633294,0.09058858382874937,positivo,False
Fabaceae,Trifolium type,0.9555131673343291,0.007645817519769144,positivo,False
Fabaceae,Rosaceae,0.36430689240696856,0.10065271769772349,positivo,False
Fabaceae,Boraginaceae,0.5367840310213153,-0.08659846401391477,negativo,False
Fabaceae,Sedum,0.6498207895310415,0.04324182627491718,positivo,False
Fabaceae,Helianthemum,0.5689409677673339,-0.07605417859615834,negativo,False
Fabaceae,Lamiaceae,0.7162323040486965,0.05442601717969481,positivo,False
Fabaceae,Urticaceae,0.17514619657043654,0.18262526494193582,positivo,False
Fabaceae,Rumex,0.20380827087089642,0.1753175024240346,positivo,False
Fabaceae,Berberidaceae,0.4020914458693404,-0.11751393302102753,negativo,False
Fabaceae,Euphorbiaceae,0.8227866028170946,0.031668956207666396,positivo,False
Fabaceae,Primulaceae,0.9547817323773249,-0.007705354195354161,negativo,False
Fabaceae,Scrophulariaceae,0.6684958128278398,0.05910077585542181,positivo,False
Fabaceae,Papaver,0.6318185960390754,0.06543793901943964,positivo,False
Fabaceae,Campanulaceae,0.4165074980248501,0.11407963847161573,positivo,False
Fabaceae,Convolvulaceae,0.5367840813122957,-0.08659845334997963,negativo,False
Fabaceae,Liliaceae,0.7090154398620593,-0.05202930079815038,negativo,False
Fabaceae,Iridaceae,0.3276401190776179,-0.1364305920400203,negativo,False
Fabaceae,Crassulaceae,0.5197675139729712,0.08796677395495534,positivo,False
Fabaceae,Ranunculaceae,0.8571510019293833,-0.025152403285922373,negativo,False
Fabaceae,Cistaceae,0.758596683698452,-0.04302184265868175,negativo,False
Fabaceae,Apiaceae,0.43432623798796466,-0.10802496094857625,negativo,False
Fabaceae,Valerianaceae,0.5063531991409188,-0.08135362892557721,negativo,False
Fabaceae,Ranunculus,0.6388649722330675,-0.06771598252702887,negativo,False
Genista,Pinus,0.15662892572101256,0.14140166934076848,positivo,False
Genista,Juniperus,0.4902586388915402,-0.09299010551257829,negativo,False
Genista,Taxus,0.22693398038972404,0.176838275125008,positivo,False
Genista,Betula,0.28374319399626324,-0.13173850362123202,negativo,False
Genista,Corylus,0.5544158950615348,-0.07744859996965475,negativo,False
Genista,Salix,0.29008575260884145,-0.14348511211159926,negativo,False
Genista,Ulmus,0.955087547311352,0.006968959890901794,positivo,False
Genista,Populus,0.6224627326054643,-0.0693256982961481,negativo,False
Genista,Acer,0.6158897350984162,0.07047040585328222,positivo,False
Genista,Fraxinus,0.33638108055952143,0.1352289207254666,positivo,False
Genista,Tilia,3.4160281150409447e-06,0.5805759119425722,positivo,True
Genista,Juglans,0.8412521917904495,0.02853496542801314,positivo,False
Genista,Pistacia,0.8892852662815782,0.016916121705649784,positivo,False
Genista,Rhamnus,0.8606880913609052,-0.02543403125189353,negativo,False
Genista,Buxus,0.802168086907951,-0.0357661028880226,negativo,False
Genista,Sambucus,0.29611990328690463,-0.15136503626346853,negativo,False
Genista,Viburnum,0.32086114295946844,-0.13824530581548727,negativo,False
Genista,Tamarix,0.7593339924619722,0.041140658561237914,positivo,False
Genista,Thymelaeaceae,0.11320149790044859,0.2236088221347849,positivo,False
Genista,Ephedra distachya,0.4396114646731347,-0.10430253612452432,negativo,False
Genista,Ephedra fragilis,0.557441097238669,-0.0819141151806021,negativo,False
Genista,Ericaceae,0.8307242796004836,-0.029879180676243337,negativo,False
Genista,Hereda helix,0.5183584417200693,-0.09054994286013918,negativo,False
Genista,Lonicera,0.10188249572678373,0.22688105963863042,positivo,False
Genista,Oleaceae,0.9594856461637211,-0.007197315893663958,negativo,False
Genista,Myrtus,0.5625865693150278,-0.08146325555115382,negativo,False
Genista,Poaceae,0.4462002200292816,0.10888289702466519,positivo,False
Genista,Artemisia,0.3480064178223262,-0.09558632491840535,negativo,False
Genista,Cichorioideae,0.5009904171930548,0.07300943707572533,positivo,False
Genista,Asteroideae,0.5796435060013304,0.07766401859857992,positivo,False
Genista,Cardueae,0.005030958595226328,0.36662492950627007,positivo,True
Genista,Rubiaceae,0.717484956893897,-0.04888550681325291,negativo,False
Genista,Centaurea,0.6967162542449855,0.05480246483097155,positivo,False
Genista,Chenopodiaceae,0.21421601222826414,-0.1702605422961357,negativo,False
Genista,Caryophyllaceae,0.9499796163317693,0.008352354780119309,positivo,False
Genista,Plantago,0.6212950129667247,-0.0697855101450346,negativo,False
Genista,Brassicaceae,0.871422552275273,0.022721104351289073,positivo,False
Genista,Saxifragaceae,0.3470127216842642,0.13017114926904272,positivo,False
Genista,Fabaceae,0.21596029450665635,-0.16701467833782746,negativo,False
Genista,Lotus type,0.647777062915414,-0.06406167712296135,negativo,False
Genista,Trifolium type,0.46076407648724216,0.10135550558964705,positivo,False
Genista,Rosaceae,0.11881331418016183,0.1714057398428113,positivo,False
Genista,Boraginaceae,0.809530827529054,-0.03417237250335341,negativo,False
Genista,Sedum,0.033254275177673105,0.2001143225832628,positivo,True
Genista,Helianthemum,0.7144500893059056,0.04906081321284633,positivo,False
Genista,Lamiaceae,0.38071008294183273,-0.12293579323260415,negativo,False
Genista,Urticaceae,0.8227965471477227,0.0316374131947072,positivo,False
Genista,Rumex,0.9734366794088302,0.004683785310024231,positivo,False
Genista,Berberidaceae,0.7703760929660506,-0.0411388731835868,negativo,False
Genista,Euphorbiaceae,0.6612485212968489,-0.06184553408818304,negativo,False
Genista,Primulaceae,0.8347935234830635,-0.028658614459907986,negativo,False
Genista,Scrophulariaceae,0.1366897410206619,0.20352745302088143,positivo,False
Genista,Papaver,0.43267844222886076,0.10493257887726354,positivo,False
Genista,Campanulaceae,0.2603211346245747,-0.1618114698689199,negativo,False
Genista,Convolvulaceae,0.8095308726832251,-0.034172364186562325,negativo,False
Genista,Liliaceae,0.5899194152545268,-0.07490320670852119,negativo,False
Genista,Iridaceae,0.4894550002070974,-0.09768195853656399,negativo,False
Genista,Crassulaceae,0.3811507007295254,0.11888300022702661,positivo,False
Genista,Ranunculaceae,0.47662636451604157,0.09911612119020621,positivo,False
Genista,Cistaceae,0.426795395867019,-0.11297881327892492,negativo,False
Genista,Apiaceae,0.7607550228452173,0.042938095735623856,positivo,False
Genista,Valerianaceae,0.1056278716445574,0.1965643641326871,positivo,False
Genista,Ranunculus,0.6455179452277021,-0.06266159835611038,negativo,False
Lotus type,Pinus,0.5393487104987535,0.07317987715751463,positivo,False
Lotus type,Juniperus,0.5060885544251201,0.10596327954775014,positivo,False
Lotus type,Taxus,0.515475194696501,-0.1090909900501648,negativo,False
Lotus type,Betula,0.719282746340818,0.05576859486263755,positivo,False
Lotus type,Corylus,0.5696902960216055,0.09360587817581134,positivo,False
Lotus type,Salix,0.2221188283317043,0.19648898413195842,positivo,False
Lotus type,Ulmus,0.3524971038504392,0.13349042388835652,positivo,False
Lotus type,Populus,0.013095299557810084,0.4205282974740633,positivo,True
Lotus type,Acer,0.5156891434237731,-0.10837178779780633,negativo,False
Lotus type,Fraxinus,0.2834283254002522,-0.18042127448752132,negativo,False
Lotus type,Tilia,0.9385945902958035,0.012490855244652432,positivo,False
Lotus type,Juglans,0.5012803321776989,0.11249822352211203,positivo,False
Lotus type,Pistacia,0.44937840965757303,-0.10919364815926037,negativo,False
Lotus type,Rhamnus,0.2789940837712763,0.1808517187310929,positivo,False
Lotus type,Buxus,0.9024488276219367,0.0206757033459823,positivo,False
Lotus type,Sambucus,0.3172204777800909,-0.17042524343186005,negativo,False
Lotus type,Viburnum,0.3825283669583992,-0.14585314721675713,negativo,False
Lotus type,Tamarix,0.01794022254454806,0.36273746345893837,positivo,True
Lotus type,Thymelaeaceae,0.663964283192883,-0.07321858595622223,negativo,False
Lotus type,Ephedra distachya,0.7355444652890636,0.05441427447948296,positivo,False
Lotus type,Ephedra fragilis,0.9005385189541173,-0.02071199722620356,negativo,False
Lotus type,Ericaceae,0.2958425207681248,-0.1923082564514519,negativo,False
Lotus type,Hereda helix,0.2027936605456953,0.21112510986815572,positivo,False
Lotus type,Lonicera,0.7576106927874963,0.05166991040076266,positivo,False
Lotus type,Oleaceae,0.2984807030549497,-0.17016557975897564,negativo,False
Lotus type,Myrtus,0.004690792090194171,0.4667631411277896,positivo,True
Lotus type,Poaceae,0.045852458093923756,-0.32036506117896907,negativo,True
Lotus type,Artemisia,0.6228948646717947,0.0602988688801324,positivo,False
Lotus type,Cichorioideae,0.26489517350255487,-0.14418742534299797,negativo,False
Lotus type,Asteroideae,0.9056422523313502,0.019533657900694536,positivo,False
Lotus type,Cardueae,0.5317493463179411,-0.10248218092224304,negativo,False
Lotus type,Rubiaceae,0.7037422010336553,0.062374248040235676,positivo,False
Lotus type,Centaurea,0.4640392775763055,0.12203718702615841,positivo,False
Lotus type,Chenopodiaceae,0.6935244690647846,-0.06482484161945648,negativo,False
Lotus type,Caryophyllaceae,0.20831997861386806,0.20257777716424405,positivo,False
Lotus type,Plantago,0.4404718183232368,-0.12891132490197843,negativo,False
Lotus type,Brassicaceae,0.5286587470224241,-0.10295172266022698,negativo,False
Lotus type,Saxifragaceae,0.872560052839995,-0.026584393869185628,negativo,False
Lotus type,Fabaceae,0.72533187246688,0.052794022548849864,positivo,False
Lotus type,Genista,0.8727538432623516,0.02550787363020763,positivo,False
Lotus type,Trifolium type,0.1681804161693796,-0.23482836827728518,negativo,False
Lotus type,Rosaceae,0.22267283344338276,-0.16129092409897158,negativo,False
Lotus type,Boraginaceae,0.8892492851245544,0.02335068207652549,positivo,False
Lotus type,Sedum,0.43234989446248073,-0.08911589089963283,negativo,False
Lotus type,Helianthemum,0.8015887080223841,0.041594251311641,positivo,False
Lotus type,Lamiaceae,0.5065466551054869,-0.10981732779746811,negativo,False
Lotus type,Urticaceae,0.0033692992946737946,0.45427883567062016,positivo,True
Lotus type,Rumex,0.15847554167569639,0.2365701657730112,positivo,False
Lotus type,Berberidaceae,0.4439546146952389,-0.13219705004141344,negativo,False
Lotus type,Euphorbiaceae,0.0018826192035641966,0.4874456713471764,positivo,True
Lotus type,Primulaceae,0.8392196171767784,-0.032676776174403566,negativo,False
Lotus type,Scrophulariaceae,0.6706174444072666,0.0706073736654785,positivo,False
Lotus type,Papaver,0.1389030107634958,0.23231383937905484,positivo,False
Lotus type,Campanulaceae,0.6853320580717723,-0.06784437612889915,negativo,False
Lotus type,Convolvulaceae,0.8892491816099846,0.023350704038157286,positivo,False
Lotus type,Liliaceae,0.9348178905858725,-0.013484907026387945,negativo,False
Lotus type,Iridaceae,0.323270148359053,0.16442236332914942,positivo,False
Lotus type,Crassulaceae,0.6801845629315051,-0.06669511966526896,negativo,False
Lotus type,Ranunculaceae,0.15900602359425312,-0.23070783508552486,negativo,False
Lotus type,Cistaceae,0.43237354031086317,0.13068603969396148,positivo,False
Lotus type,Apiaceae,0.6572219250476397,-0.07820441658180911,negativo,False
Lotus type,Valerianaceae,0.8250945891013286,-0.03280386977209708,negativo,False
Lotus type,Ranunculus,0.586374885863522,0.08740153334373224,positivo,False
Trifolium type,Pinus,0.9821400775172174,-0.0023167521550474524,negativo,False
Trifolium type,Juniperus,0.8120645726304713,-0.03536791771649381,negativo,False
Trifolium type,Taxus,0.3395284462046845,0.1332633421303378,positivo,False
Trifolium type,Betula,0.1436694299720332,0.1863742109052156,positivo,False
Trifolium type,Corylus,0.18355542425929894,0.19352400133493303,positivo,False
Trifolium type,Salix,0.5380615998346833,0.08429454510613155,positivo,False
Trifolium type,Ulmus,0.4370614287337308,0.09311346078879695,positivo,False
Trifolium type,Populus,0.6266538315872916,0.06822522859228884,positivo,False
Trifolium type,Acer,0.49241475365112486,-0.09597460564273039,negativo,False
Trifolium type,Fraxinus,0.5686045959366566,-0.08249715134557159,negativo,False
Trifolium type,Tilia,0.0835995789852866,0.23345850365492027,positivo,False
Trifolium type,Juglans,0.9341531937509285,0.011621744990854811,positivo,False
Trifolium type,Pistacia,0.2354559966955311,-0.14173189873945816,negativo,False
Trifolium type,Rhamnus,0.12470740649605501,0.21700752483437183,positivo,False
Trifolium type,Buxus,0.8417286393157326,-0.028241361280416526,negativo,False
Trifolium type,Sambucus,0.07650470925577867,-0.24366172244614934,negativo,False
Trifolium type,Viburnum,0.19446403654153593,-0.17882748512137187,negativo,False
Trifolium type,Tamarix,0.04384108667614826,-0.26213238676026385,negativo,True
Trifolium type,Thymelaeaceae,0.5075836293892194,-0.09491510476863681,negativo,False
Trifolium type,Ephedra distachya,0.2784226056305738,0.14592731819671007,positivo,False
Trifolium type,Ephedra fragilis,0.791436432388864,-0.038614360108696885,negativo,False
Trifolium type,Ericaceae,0.34648039681147114,0.1374037906260484,positivo,False
Trifolium type,Hereda helix,0.9611219814877596,-0.0069005217038240405,negativo,False
Trifolium type,Lonicera,0.6373124704421693,-0.0667269917832172,negativo,False
Trifolium type,Oleaceae,0.3345331217302331,-0.1328660853157138,negativo,False
Trifolium type,Myrtus,0.01920383142733613,0.3167647086470038,positivo,True
Trifolium type,Poaceae,0.4451300464259318,-0.10844745534781766,negativo,False
Trifolium type,Artemisia,0.9401028554804624,-0.007566607330266914,negativo,False
Trifolium type,Cichorioideae,0.6850652804427503,0.044098777535436895,positivo,False
Trifolium type,Asteroideae,0.8136948675808534,0.03591789865751745,positivo,False
Trifolium type,Cardueae,0.176672952396321,0.18984757665655294,positivo,False
Trifolium type,Rubiaceae,0.9184571643338748,-0.01373422603215739,negativo,False
Trifolium type,Centaurea,0.7300346275882876,0.04821998474617175,positivo,False
Trifolium type,Chenopodiaceae,0.4827522187636136,0.0969292463020186,positivo,False
Trifolium type,Caryophyllaceae,0.1823715916260812,0.1776011875993622,positivo,False
Trifolium type,Plantago,0.2837583295892096,0.15727622773918645,positivo,False
Trifolium type,Brassicaceae,0.46009166096308585,0.1084670398450756,positivo,False
Trifolium type,Saxifragaceae,0.6196475606203401,0.07434681641557675,positivo,False
Trifolium type,Fabaceae,0.6630269058197578,0.054741519470020705,positivo,False
Trifolium type,Genista,0.5949646587683693,0.06912246355469938,positivo,False
Trifolium type,Lotus type,0.13420256146006954,0.21195960197346028,positivo,False
Trifolium type,Rosaceae,0.6275951578875629,-0.05969661825296191,negativo,False
Trifolium type,Boraginaceae,0.4271230751195023,-0.11235180780592126,negativo,False
Trifolium type,Sedum,0.07117612377594201,0.18326541989086054,positivo,False
Trifolium type,Helianthemum,0.8731831723381538,-0.023033700644961075,negativo,False
Trifolium type,Lamiaceae,0.3643953617421519,-0.12489064204064147,negativo,False
Trifolium type,Urticaceae,0.10610124778984681,0.21852356376727994,positivo,False
Trifolium type,Rumex,0.029358323158642837,0.29454643224083804,positivo,True
Trifolium type,Berberidaceae,0.359455107393172,0.1323765206037971,positivo,False
Trifolium type,Euphorbiaceae,0.4183710476693414,-0.11325061610904823,negativo,False
Trifolium type,Primulaceae,0.06105619525112379,0.2538292370127903,positivo,False
Trifolium type,Scrophulariaceae,0.018558311651104036,0.31492129378296757,positivo,True
Trifolium type,Papaver,0.9121210200188103,0.01484834250804052,positivo,False
Trifolium type,Campanulaceae,0.21884115788448394,-0.17328186004527532,negativo,False
Trifolium type,Convolvulaceae,0.4271231193723636,-0.11235179695397374,negativo,False
Trifolium type,Liliaceae,0.9469106220449222,0.009168235445301348,positivo,False
Trifolium type,Iridaceae,0.6230065641111008,-0.0689572299241564,negativo,False
Trifolium type,Crassulaceae,0.8686141022501129,-0.022705320264279235,negativo,False
Trifolium type,Ranunculaceae,0.8002233352449755,-0.03977020752169816,negativo,False
Trifolium type,Cistaceae,0.004557266783405339,0.38455020508455817,positivo,True
Trifolium type,Apiaceae,0.03188764226078485,0.40458463811835427,positivo,True
Trifolium type,Valerianaceae,0.903078049419963,-0.016612265377659884,negativo,False
Trifolium type,Ranunculus,0.016457495674533033,0.3100539202953408,positivo,True
Rosaceae,Pinus,0.14933982094004486,-0.16125194817397137,negativo,False
Rosaceae,Juniperus,0.9154558310869465,-0.014626960320438948,negativo,False
Rosaceae,Taxus,0.5689135138682452,-0.08260811527324527,negativo,False
Rosaceae,Betula,0.35357992632427704,0.12597777713487424,positivo,False
Rosaceae,Corylus,0.15443081262749025,0.20571399267829338,positivo,False
Rosaceae,Salix,0.3309854632396123,0.13514363681355201,positivo,False
Rosaceae,Ulmus,0.46674039883025187,0.0902102250259041,positivo,False
Rosaceae,Populus,0.4945681607710426,-0.09714516188311198,negativo,False
Rosaceae,Acer,0.17565515404703222,-0.19357200518973205,negativo,False
Rosaceae,Fraxinus,0.8286208267350078,0.031638967117116716,positivo,False
Rosaceae,Tilia,0.6042757631220446,0.07157706206573841,positivo,False
Rosaceae,Juglans,0.8305284158928115,-0.031457353863734605,negativo,False
Rosaceae,Pistacia,0.9272230034981035,0.011273302523660274,positivo,False
Rosaceae,Rhamnus,0.6379326356384013,0.06659715827945219,positivo,False
Rosaceae,Buxus,0.6743627192927413,-0.06005088520689862,negativo,False
Rosaceae,Sambucus,0.6294639643950686,-0.06852959510816285,negativo,False
Rosaceae,Viburnum,0.27227685613143365,-0.15789221071426093,negativo,False
Rosaceae,Tamarix,0.808977703940577,-0.0329592849809551,negativo,False
Rosaceae,Thymelaeaceae,0.9316072028812588,-0.012755772762367387,negativo,False
Rosaceae,Ephedra distachya,0.6347948312042477,0.06597283552360318,positivo,False
Rosaceae,Ephedra fragilis,0.896415917549847,-0.01839380490396378,negativo,False
Rosaceae,Ericaceae,0.9637861858330719,0.006507752558743633,positivo,False
Rosaceae,Hereda helix,0.9626879442642664,-0.006656475777035975,negativo,False
Rosaceae,Lonicera,0.31892682528758753,0.14122876122094408,positivo,False
Rosaceae,Oleaceae,0.3245282633536263,0.13917256870623332,positivo,False
Rosaceae,Myrtus,0.6937222503577376,0.05611518530808045,positivo,False
Rosaceae,Poaceae,0.21615616108713495,0.17954797002757175,positivo,False
Rosaceae,Artemisia,0.7209641508969762,0.0388481827673723,positivo,False
Rosaceae,Cichorioideae,0.09355516066830288,-0.18106058430126115,negativo,False
Rosaceae,Asteroideae,0.3552440196628529,0.13106162319610673,positivo,False
Rosaceae,Cardueae,0.5012276218294129,-0.09377369722042203,negativo,False
Rosaceae,Rubiaceae,0.9295133198763256,-0.012100667246496867,negativo,False
Rosaceae,Centaurea,0.8006687544706312,-0.03595673789177931,negativo,False
Rosaceae,Chenopodiaceae,0.2029390147786598,0.17659439044180694,positivo,False
Rosaceae,Caryophyllaceae,0.13114804959267273,0.20821195224976213,positivo,False
Rosaceae,Plantago,0.5178420650375197,0.09217306858156651,positivo,False
Rosaceae,Brassicaceae,0.44865411555674206,0.1053892809774967,positivo,False
Rosaceae,Saxifragaceae,0.012395535609714684,0.35828289634841537,positivo,True
Rosaceae,Fabaceae,0.9569281105945461,-0.006927797886255624,negativo,False
Rosaceae,Genista,0.5083385571932529,-0.08718698113210674,negativo,False
Rosaceae,Lotus type,0.6311737979463456,0.06679721749540729,positivo,False
Rosaceae,Trifolium type,0.030600465548135256,0.32271295828333185,positivo,True
Rosaceae,Boraginaceae,0.3036415609613536,-0.1460697354587161,negativo,False
Rosaceae,Sedum,0.14480871789116143,0.18430002039967325,positivo,False
Rosaceae,Helianthemum,0.2289847753610218,-0.1637438305378811,negativo,False
Rosaceae,Lamiaceae,0.08078496859532383,0.24094981330107035,positivo,False
Rosaceae,Urticaceae,0.023032023571333046,0.3191246258917822,positivo,True
Rosaceae,Rumex,0.1937464530400312,0.18185362134924227,positivo,False
Rosaceae,Berberidaceae,0.67090141007715,0.06170044069695595,positivo,False
Rosaceae,Euphorbiaceae,0.8559737550469705,0.02596794215717375,positivo,False
Rosaceae,Primulaceae,0.22980939050347335,0.17087771903325916,positivo,False
Rosaceae,Scrophulariaceae,0.5306884217095758,0.08768690975121515,positivo,False
Rosaceae,Papaver,0.7225788051205508,0.04819559321401355,positivo,False
Rosaceae,Campanulaceae,0.05379851437276904,-0.2754952141100164,negativo,False
Rosaceae,Convolvulaceae,0.3036415265978672,-0.14606974568740608,negativo,False
Rosaceae,Liliaceae,0.9482565164364194,0.009156908319166018,positivo,False
Rosaceae,Iridaceae,0.7254266676620694,-0.05016692245006887,negativo,False
Rosaceae,Crassulaceae,0.7040676276282117,0.05245545810507014,positivo,False
Rosaceae,Ranunculaceae,0.6978200988470591,0.05532638482511735,positivo,False
Rosaceae,Cistaceae,0.17017153443652003,0.19288998076397584,positivo,False
Rosaceae,Apiaceae,0.04558408392012766,0.3190081964521711,positivo,True
Rosaceae,Valerianaceae,0.2583090154652539,0.16475151388821996,positivo,False
Rosaceae,Ranunculus,0.0005747860776450652,0.43930875782180867,positivo,True
Boraginaceae,Pinus,0.7908013149791919,0.026720476431677742,positivo,False
Boraginaceae,Juniperus,0.4234482897544286,0.1075404155573903,positivo,False
Boraginaceae,Taxus,0.728642094196633,-0.048412307614357816,negativo,False
Boraginaceae,Betula,0.9540802321529243,0.007139559379690907,positivo,False
Boraginaceae,Corylus,0.9249502877968486,0.01228975549355693,positivo,False
Boraginaceae,Salix,0.4778094297148523,-0.09687081905195066,negativo,False
Boraginaceae,Ulmus,0.6085101181980523,-0.06192020361278794,negativo,False
Boraginaceae,Populus,0.7662009230294995,-0.04211437859749176,negativo,False
Boraginaceae,Acer,0.7082941699999561,-0.052141144468116164,negativo,False
Boraginaceae,Fraxinus,0.00014160762972605434,0.48299601468914294,positivo,True
Boraginaceae,Tilia,0.8363410749208158,-0.02802980260139218,negativo,False
Boraginaceae,Juglans,0.77954768916076,-0.03917758184671764,negativo,False
Boraginaceae,Pistacia,0.5251386069777739,-0.07658312176980074,negativo,False
Boraginaceae,Rhamnus,0.7023375848229789,-0.053215346748359205,negativo,False
Boraginaceae,Buxus,0.8910165478864052,-0.019230775118551608,negativo,False
Boraginaceae,Sambucus,0.6862620868665663,-0.05616094420232076,negativo,False
Boraginaceae,Viburnum,0.7810404389832197,-0.03872983462015322,negativo,False
Boraginaceae,Tamarix,0.7425348435279324,-0.04389489113732817,negativo,False
Boraginaceae,Thymelaeaceae,0.8418174338560211,-0.02799008020273354,negativo,False
Boraginaceae,Ephedra distachya,0.7414507642176127,-0.04434907434050227,negativo,False
Boraginaceae,Ephedra fragilis,0.1443468238313472,-0.2427811500619672,negativo,False
Boraginaceae,Ericaceae,0.7040972976104816,-0.05255216083113037,negativo,False
Boraginaceae,Hereda helix,0.9317502307591006,-0.012679787086847708,negativo,False
Boraginaceae,Lonicera,0.6848882887890162,-0.05687745240243044,negativo,False
Boraginaceae,Oleaceae,0.44990763072205053,-0.1046323968219618,negativo,False
Boraginaceae,Myrtus,0.779547694083179,-0.03917758097368966,negativo,False
Boraginaceae,Poaceae,0.7394159895872436,0.04602542206174865,positivo,False
Boraginaceae,Artemisia,0.5430511277494399,0.06128340551293725,positivo,False
Boraginaceae,Cichorioideae,0.001416049411143899,0.3329337967500552,positivo,True
Boraginaceae,Asteroideae,0.711379673852885,-0.05107570216049572,negativo,False
Boraginaceae,Cardueae,0.8838081895016725,-0.020484513611451233,negativo,False
Boraginaceae,Rubiaceae,0.6740722346365577,-0.056180051087598756,negativo,False
Boraginaceae,Centaurea,0.029177224030889185,0.2947067139019389,positivo,True
Boraginaceae,Chenopodiaceae,0.25469350677407,-0.15721092397560854,negativo,False
Boraginaceae,Caryophyllaceae,0.13199535297940704,0.19429442419796963,positivo,False
Boraginaceae,Plantago,0.9318186067356747,-0.012824467413825175,negativo,False
Boraginaceae,Brassicaceae,0.19525010094769546,0.1753995681462711,positivo,False
Boraginaceae,Saxifragaceae,0.48551955039617245,-0.09624242758176521,negativo,False
Boraginaceae,Fabaceae,0.8942534610843366,0.016693858621403934,positivo,False
Boraginaceae,Genista,0.9889634091597611,-0.0018033472287009855,negativo,False
Boraginaceae,Lotus type,0.42470344966505535,0.10798227287405487,positivo,False
Boraginaceae,Trifolium type,0.6698975432717962,-0.05889652132788917,negativo,False
Boraginaceae,Rosaceae,0.8229063639991016,-0.024890720220031803,negativo,False
Boraginaceae,Sedum,0.7800871687000089,-0.026570292478461044,negativo,False
Boraginaceae,Helianthemum,0.7879922132540442,0.04585588915028038,positivo,False
Boraginaceae,Lamiaceae,0.720631273209372,0.05063503476127393,positivo,False
Boraginaceae,Urticaceae,0.26464050435189634,0.15268197385546817,positivo,False
Boraginaceae,Rumex,0.617638279224065,-0.06932927457521482,negativo,False
Boraginaceae,Berberidaceae,3.6317758463007314e-06,0.5648144597368377,positivo,True
Boraginaceae,Euphorbiaceae,0.8910166024527115,-0.019230765426458116,negativo,False
Boraginaceae,Primulaceae,0.12353024072428569,0.20554825527081094,positivo,False
Boraginaceae,Scrophulariaceae,0.6269170059058293,0.06751878781761456,positivo,False
Boraginaceae,Papaver,0.01496247823828138,0.31190880211105676,positivo,True
Boraginaceae,Campanulaceae,0.22358594561460757,0.1680021967692865,positivo,False
Boraginaceae,Convolvulaceae,0.33598374427820754,1318387.9390139128,positivo,False
Boraginaceae,Liliaceae,0.26275940766290323,0.15399177957604476,positivo,False
Boraginaceae,Iridaceae,0.6721239336678458,-0.060029396074412544,negativo,False
Boraginaceae,Crassulaceae,0.4655492249185418,-0.09927419028528991,negativo,False
Boraginaceae,Ranunculaceae,0.8740799627054543,0.022523955103929648,positivo,False
Boraginaceae,Cistaceae,0.7639442796450284,-0.04199965540487832,negativo,False
Boraginaceae,Apiaceae,0.999583828386382,-7.196888251782829e-05,negativo,False
Boraginaceae,Valerianaceae,0.7969898717871715,-0.03149972687071635,negativo,False
Boraginaceae,Ranunculus,0.9977484293207953,0.0003789097841193634,positivo,False
Sedum,Pinus,0.8528035047325361,-0.01926113923666345,negativo,False
Sedum,Juniperus,0.5626660679650037,0.08354563584530562,positivo,False
Sedum,Taxus,0.14208826149107937,0.20667190943265942,positivo,False
Sedum,Betula,0.9365750293424373,0.010468912338750774,positivo,False
Sedum,Corylus,0.11356795531662002,0.2178396282368557,positivo,False
Sedum,Salix,0.4557852996979359,0.10426692720845437,positivo,False
Sedum,Ulmus,0.9968667572735175,-0.0004794089005832891,negativo,False
Sedum,Populus,0.7277817268867794,0.04974235649054317,positivo,False
Sedum,Acer,0.2533376121252741,-0.16089845177371234,negativo,False
Sedum,Fraxinus,0.9147437082838148,0.015223197848973462,positivo,False
Sedum,Tilia,0.710959885357348,-0.05364524328860058,negativo,False
Sedum,Juglans,0.4199450895109256,-0.11485174198081023,negativo,False
Sedum,Pistacia,0.3076705703116337,-0.13132773208226373,negativo,False
Sedum,Rhamnus,0.18427259224603554,0.18730292089331177,positivo,False
Sedum,Buxus,0.6949517866110423,-0.055979289905097186,negativo,False
Sedum,Sambucus,0.24034089493886635,-0.16599339537205265,negativo,False
Sedum,Viburnum,0.4222081814516896,-0.11402586559919048,negativo,False
Sedum,Tamarix,0.45599029761311616,-0.10177397497549245,negativo,False
Sedum,Thymelaeaceae,0.5992105788815905,-0.07513751133322015,negativo,False
Sedum,Ephedra distachya,0.7229965514537351,-0.05337678655306942,negativo,False
Sedum,Ephedra fragilis,0.9626601848693095,-0.006603548516407001,negativo,False
Sedum,Ericaceae,0.9887187791962294,-0.002058555145929848,negativo,False
Sedum,Hereda helix,0.7272021720607484,0.04985872775240183,positivo,False
Sedum,Lonicera,0.006670965687631693,0.36714925689708305,positivo,True
Sedum,Oleaceae,0.7040475332557008,-0.05388033331543729,negativo,False
Sedum,Myrtus,0.5838374790387794,0.07820856446716756,positivo,False
Sedum,Poaceae,0.6906870895539514,0.05703767844127989,positivo,False
Sedum,Artemisia,0.9938057302070387,-0.0008601726005458624,negativo,False
Sedum,Cichorioideae,0.06416706874322381,-0.19882896702221653,negativo,False
Sedum,Asteroideae,0.7721464214849559,0.04063918888987697,positivo,False
Sedum,Cardueae,0.8934748771491277,0.019904409610898538,positivo,False
Sedum,Rubiaceae,0.8498111821657939,0.026259604085557234,positivo,False
Sedum,Centaurea,0.864527986913256,0.024265109154135905,positivo,False
Sedum,Chenopodiaceae,0.2804679089654066,0.15018675525969516,positivo,False
Sedum,Caryophyllaceae,0.1530191149667365,0.21074022873722859,positivo,False
Sedum,Plantago,0.9363675511229438,-0.011361273852160104,negativo,False
Sedum,Brassicaceae,0.3110177426890968,-0.14064783953411955,negativo,False
Sedum,Saxifragaceae,0.45867934238195707,0.1082230033671274,positivo,False
Sedum,Fabaceae,0.7012583970271062,-0.04901473449729794,negativo,False
Sedum,Genista,0.8099701484767066,0.032197345931277765,positivo,False
Sedum,Lotus type,0.6089211808713617,0.07080931932694645,positivo,False
Sedum,Trifolium type,0.9002366256652969,-0.0190420790345711,negativo,False
Sedum,Rosaceae,0.5461106170268029,0.0901683034097554,positivo,False
Sedum,Boraginaceae,0.6949518788059874,-0.055979272139038215,negativo,False
Sedum,Helianthemum,0.6734684189904648,-0.05857472680714623,negativo,False
Sedum,Lamiaceae,0.4101253295646967,0.11548293602190648,positivo,False
Sedum,Urticaceae,0.00346641342712698,0.3901361184625219,positivo,True
Sedum,Rumex,0.02468073722548235,0.30641744080444705,positivo,True
Sedum,Berberidaceae,0.6106270458301991,0.07676528640451451,positivo,False
Sedum,Euphorbiaceae,0.6949518250935625,-0.055979282479448986,negativo,False
Sedum,Primulaceae,0.5529640120371726,-0.08838489309663725,negativo,False
Sedum,Scrophulariaceae,0.7090129942295966,-0.054085831518307946,negativo,False
Sedum,Papaver,0.6456068558287882,-0.06328170678683613,negativo,False
Sedum,Campanulaceae,0.13204475210614308,-0.21512805317958317,negativo,False
Sedum,Convolvulaceae,0.6949518335298329,-0.055979280854108186,negativo,False
Sedum,Liliaceae,0.1437633352333031,-0.2059746980684078,negativo,False
Sedum,Iridaceae,0.5031740662712862,-0.09551226740148441,negativo,False
Sedum,Crassulaceae,0.5341772281902873,-0.08603784098101216,negativo,False
Sedum,Ranunculaceae,0.11498876049561672,-0.22153623244564988,negativo,False
Sedum,Cistaceae,0.9147436066782446,0.015223216018214962,positivo,False
Sedum,Apiaceae,0.3492295985456353,0.15714876890196072,positivo,False
Sedum,Valerianaceae,0.3945898907700285,0.13687061198712586,positivo,False
Sedum,Ranunculus,0.0012404632216188752,0.4128582046258468,positivo,True
Helianthemum,Pinus,0.35587869295964747,0.09442663260398021,positivo,False
Helianthemum,Juniperus,0.21898189804846593,-0.16512742935792055,negativo,False
Helianthemum,Taxus,0.9507325121824144,-0.008683582736229822,negativo,False
Helianthemum,Betula,0.5603291855961703,-0.07137068972581612,negativo,False
Helianthemum,Corylus,0.20804873446872216,0.16354812227917742,positivo,False
Helianthemum,Salix,0.8117682740015817,-0.03505662965391351,negativo,False
Helianthemum,Ulmus,0.5065695901388807,-0.08308817795481005,negativo,False
Helianthemum,Populus,0.6173854518178268,0.07411795405826399,positivo,False
Helianthemum,Acer,0.22240462155419016,-0.17158176404605285,negativo,False
Helianthemum,Fraxinus,0.12430692105949374,0.21417199261077746,positivo,False
Helianthemum,Tilia,0.5164624817635681,0.0880570724410159,positivo,False
Helianthemum,Juglans,0.40452499528436114,-0.1164036015834215,negativo,False
Helianthemum,Pistacia,0.7353390865146727,-0.04151304814460499,negativo,False
Helianthemum,Rhamnus,0.6296238839138497,0.06736500019476081,positivo,False
Helianthemum,Buxus,0.5587807881880513,-0.0823504026454992,negativo,False
Helianthemum,Sambucus,0.12809709992013285,-0.21213863959211965,negativo,False
Helianthemum,Viburnum,0.7328618914454759,0.04763652466516602,positivo,False
Helianthemum,Tamarix,0.5769853148204882,-0.07635074341558434,negativo,False
Helianthemum,Thymelaeaceae,0.4171955569003536,-0.1136071362164172,negativo,False
Helianthemum,Ephedra distachya,0.012058664327998654,0.32942075170391416,positivo,True
Helianthemum,Ephedra fragilis,0.44079122719815866,-0.12413753432385338,negativo,False
Helianthemum,Ericaceae,0.9607515268946053,0.00694874679075573,positivo,False
Helianthemum,Hereda helix,0.9107984727577361,0.015747513621853063,positivo,False
Helianthemum,Lonicera,0.659579114912495,-0.06205023669950436,negativo,False
Helianthemum,Oleaceae,0.16105092043818628,-0.1987215881502504,negativo,False
Helianthemum,Myrtus,0.915490325501678,0.015186449739513221,positivo,False
Helianthemum,Poaceae,0.9021191435781772,-0.01707396860046755,negativo,False
Helianthemum,Artemisia,0.2794530425535297,-0.10839848034890548,negativo,False
Helianthemum,Cichorioideae,0.007577108842351067,0.3212910901626579,positivo,True
Helianthemum,Asteroideae,0.8211723955697018,-0.03159603482703051,negativo,False
Helianthemum,Cardueae,0.0070682338027323426,0.37361496439982533,positivo,True
Helianthemum,Rubiaceae,0.8879233094922058,0.01913981532132997,positivo,False
Helianthemum,Centaurea,0.0037685042533862293,0.38539022416946467,positivo,True
Helianthemum,Chenopodiaceae,0.41946621252711835,-0.11405570693784615,negativo,False
Helianthemum,Caryophyllaceae,0.4133370203238248,0.11159407022674153,positivo,False
Helianthemum,Plantago,0.6963130055127283,0.05579871991527703,positivo,False
Helianthemum,Brassicaceae,0.40064767684514413,0.11497543423079176,positivo,False
Helianthemum,Saxifragaceae,0.984318476254973,-0.002737991615965331,negativo,False
Helianthemum,Fabaceae,0.8596413036803789,0.022314256818385877,positivo,False
Helianthemum,Genista,0.5404945301486782,0.0794872043788919,positivo,False
Helianthemum,Lotus type,0.9819160705775432,-0.0032108490283457303,negativo,False
Helianthemum,Trifolium type,0.9093708258007894,0.016879125099157274,positivo,False
Helianthemum,Rosaceae,0.6651463470188259,-0.0487943469309563,negativo,False
Helianthemum,Boraginaceae,0.7685733124657763,0.05295778823682471,positivo,False
Helianthemum,Sedum,0.31959377661231375,0.09672313916627659,positivo,False
Helianthemum,Lamiaceae,0.18463377200001924,-0.1885095865151767,negativo,False
Helianthemum,Urticaceae,0.058530801475857076,0.2527957679913105,positivo,False
Helianthemum,Rumex,0.9522427996129121,0.008355900169169483,positivo,False
Helianthemum,Berberidaceae,1.695506847247449e-06,0.6305548653980211,positivo,True
Helianthemum,Euphorbiaceae,0.016991438160057985,0.3236562265388352,positivo,True
Helianthemum,Primulaceae,0.4677339516959831,0.09793246056944074,positivo,False
Helianthemum,Scrophulariaceae,0.10834603239302923,0.21777568104162495,positivo,False
Helianthemum,Papaver,0.03364320229245031,0.27610210979302413,positivo,True
Helianthemum,Campanulaceae,0.8307697798928152,0.03004188149348025,positivo,False
Helianthemum,Convolvulaceae,0.7685735133935966,0.05295774022444749,positivo,False
Helianthemum,Liliaceae,0.6505333625430583,0.062322733722620344,positivo,False
Helianthemum,Iridaceae,0.4971183008089616,0.09578316144389563,positivo,False
Helianthemum,Crassulaceae,0.20626625773560123,-0.17336448772275218,negativo,False
Helianthemum,Ranunculaceae,0.6667876366047603,-0.06019942210589023,negativo,False
Helianthemum,Cistaceae,0.9645573495501399,-0.006237584289725442,negativo,False
Helianthemum,Apiaceae,0.9441638991181147,0.010789954817147347,positivo,False
Helianthemum,Valerianaceae,0.38238292895744874,0.11183164631030951,positivo,False
Helianthemum,Ranunculus,0.40611655103498323,0.11135772665316046,positivo,False
Lamiaceae,Pinus,0.7046332388229195,0.04114771559922081,positivo,False
Lamiaceae,Juniperus,0.2833788270954169,-0.14245447701445996,negativo,False
Lamiaceae,Taxus,0.6287740500606658,0.06785456270112034,positivo,False
Lamiaceae,Betula,0.32141705837853396,0.12362682742630965,positivo,False
Lamiaceae,Corylus,0.20191969433501072,-0.16452994267221344,negativo,False
Lamiaceae,Salix,0.5148509444154514,-0.08826232740837253,negativo,False
Lamiaceae,Ulmus,0.9760321663520138,0.0036789108516849245,positivo,False
Lamiaceae,Populus,0.9933477074790008,0.001179785388314085,positivo,False
Lamiaceae,Acer,0.9078496039848863,0.01615297913327801,positivo,False
Lamiaceae,Fraxinus,0.5965393912990705,-0.07423174612851595,negativo,False
Lamiaceae,Tilia,0.6497494150690006,0.061998016736289366,positivo,False
Lamiaceae,Juglans,0.16720257796456392,0.1942029500523228,positivo,False
Lamiaceae,Pistacia,0.41091937218386965,0.09916700808652043,positivo,False
Lamiaceae,Rhamnus,0.4779578027570095,-0.09856651545111698,negativo,False
Lamiaceae,Buxus,0.23975193794266988,-0.16760861697299512,negativo,False
Lamiaceae,Sambucus,0.9572962529781597,0.007473396468391638,positivo,False
Lamiaceae,Viburnum,0.7114116039472986,-0.052065370580444664,negativo,False
Lamiaceae,Tamarix,0.19907038811477568,-0.18614588494753204,negativo,False
Lamiaceae,Thymelaeaceae,0.17107113230640214,-0.19545463683283645,negativo,False
Lamiaceae,Ephedra distachya,0.18894374506409028,-0.1744253552113439,negativo,False
Lamiaceae,Ephedra fragilis,0.40661842540895154,0.11476960574509384,positivo,False
Lamiaceae,Ericaceae,0.5879997725448471,-0.07625478388908152,negativo,False
Lamiaceae,Hereda helix,0.1022862515594763,-0.2309917813670136,negativo,False
Lamiaceae,Lonicera,0.6523686558433575,0.0644034550074428,positivo,False
Lamiaceae,Oleaceae,0.6754291010576451,0.0617346186908965,positivo,False
Lamiaceae,Myrtus,0.18500996869204525,0.18357246848032674,positivo,False
Lamiaceae,Poaceae,0.616400900029342,0.06976451713336004,positivo,False
Lamiaceae,Artemisia,0.32581277039068357,0.10202149749017486,positivo,False
Lamiaceae,Cichorioideae,0.06593630060697953,-0.19559071425102614,negativo,False
Lamiaceae,Asteroideae,0.7808414416415288,0.03849282026965133,positivo,False
Lamiaceae,Cardueae,0.4318799645727359,-0.11454355468476185,negativo,False
Lamiaceae,Rubiaceae,0.3656807180146654,-0.12220089015593243,negativo,False
Lamiaceae,Centaurea,0.8998166334464719,0.017731850825286714,positivo,False
Lamiaceae,Chenopodiaceae,0.5036199829804877,0.09186843378600223,positivo,False
Lamiaceae,Caryophyllaceae,0.14742055682059527,-0.18777097663739467,negativo,False
Lamiaceae,Plantago,0.09497087922462367,0.23320416205436129,positivo,False
Lamiaceae,Brassicaceae,0.3218510546519797,0.13648486840819923,positivo,False
Lamiaceae,Saxifragaceae,0.11451766106729074,0.21688324481964635,positivo,False
Lamiaceae,Fabaceae,0.21317374064156555,0.1674797271762404,positivo,False
Lamiaceae,Genista,0.8739601041926761,0.020893377884373815,positivo,False
Lamiaceae,Lotus type,0.4879792297579475,0.09439564977016385,positivo,False
Lamiaceae,Trifolium type,0.2509676923106451,0.15578775846208687,positivo,False
Lamiaceae,Rosaceae,0.893288327128416,-0.01494830324496138,negativo,False
Lamiaceae,Boraginaceae,0.8443757557856406,-0.02826340826301229,negativo,False
Lamiaceae,Sedum,0.47160100177136643,-0.06841676365759405,negativo,False
Lamiaceae,Helianthemum,0.5089026818961198,-0.09123518200092534,negativo,False
Lamiaceae,Urticaceae,0.8454561596730885,0.027039662016048488,positivo,False
Lamiaceae,Rumex,0.857374035942567,-0.02542752961949353,negativo,False
Lamiaceae,Berberidaceae,0.08509004918936647,-0.23629683102085888,negativo,False
Lamiaceae,Euphorbiaceae,0.5064244812899235,-0.09415393889679934,negativo,False
Lamiaceae,Primulaceae,0.25650647460822673,0.15539188086465952,positivo,False
Lamiaceae,Scrophulariaceae,0.49614818074344647,-0.09407865817888696,negativo,False
Lamiaceae,Papaver,0.5890463601614184,-0.07271952379314994,negativo,False
Lamiaceae,Campanulaceae,0.5354634968692127,-0.08749878535837458,negativo,False
Lamiaceae,Convolvulaceae,0.8443758581593319,-0.028263389453183515,negativo,False
Lamiaceae,Liliaceae,0.2113343416696307,-0.17344256362824192,negativo,False
Lamiaceae,Iridaceae,0.8437027742072525,-0.02810278185894908,negativo,False
Lamiaceae,Crassulaceae,0.1424610195984051,0.2020992900262849,positivo,False
Lamiaceae,Ranunculaceae,0.15238540873493783,0.2114000525572798,positivo,False
Lamiaceae,Cistaceae,0.7176482377639112,0.05065978773233072,positivo,False
Lamiaceae,Apiaceae,0.6684265573042595,0.05928449735795059,positivo,False
Lamiaceae,Valerianaceae,0.511338687811322,-0.08133113693898314,negativo,False
Lamiaceae,Ranunculus,0.46662351398509927,0.09965713977004538,positivo,False
Urticaceae,Pinus,0.12914446462838974,0.16479559481942452,positivo,False
Urticaceae,Juniperus,0.6055574912645723,-0.06937875098807891,negativo,False
Urticaceae,Taxus,0.9699210987614942,0.005298527927386783,positivo,False
Urticaceae,Betula,0.3463291330124635,-0.12453276486738016,negativo,False
Urticaceae,Corylus,0.6208700511328251,0.0692799623131865,positivo,False
Urticaceae,Salix,0.862909113517099,0.023634124546154822,positivo,False
Urticaceae,Ulmus,0.18974906117290874,0.1593746393525386,positivo,False
Urticaceae,Populus,0.31677895354831165,-0.14006334195317197,negativo,False
Urticaceae,Acer,0.7418890065585941,-0.046154120239051535,negativo,False
Urticaceae,Fraxinus,0.5175757622077,0.09087678644919368,positivo,False
Urticaceae,Tilia,0.39723649299356834,0.11500273858067088,positivo,False
Urticaceae,Juglans,0.21062912161453665,0.17423385008828982,positivo,False
Urticaceae,Pistacia,0.7171827258201087,0.04415412032948876,positivo,False
Urticaceae,Rhamnus,0.4038318087143111,0.11706814742779223,positivo,False
Urticaceae,Buxus,0.43141709116305493,0.11071774303844015,positivo,False
Urticaceae,Sambucus,0.7469661434522925,0.0471233690989938,positivo,False
Urticaceae,Viburnum,0.27390492858291055,-0.1597486285077785,negativo,False
Urticaceae,Tamarix,0.31908044431587534,0.1434511039714151,positivo,False
Urticaceae,Thymelaeaceae,0.07882143772127263,0.24317677134369123,positivo,False
Urticaceae,Ephedra distachya,0.8922015109374426,-0.018359786847437498,negativo,False
Urticaceae,Ephedra fragilis,0.674370443210804,-0.0588847747363698,negativo,False
Urticaceae,Ericaceae,0.3303933722539265,0.1343886751749836,positivo,False
Urticaceae,Hereda helix,0.9575254107440622,-0.007559140496171575,negativo,False
Urticaceae,Lonicera,0.8414586673344268,-0.02934829093521158,negativo,False
Urticaceae,Oleaceae,0.38855613662924127,0.11952917660864833,positivo,False
Urticaceae,Myrtus,0.5527884846290432,-0.08341001267583603,negativo,False
Urticaceae,Poaceae,0.5545006669231072,-0.0820388191910803,negativo,False
Urticaceae,Artemisia,0.5813498995120396,-0.05685229129959253,negativo,False
Urticaceae,Cichorioideae,0.9818194033052755,0.002503747738186679,positivo,False
Urticaceae,Asteroideae,0.23176952531412454,0.17035490941451117,positivo,False
Urticaceae,Cardueae,0.5485731063525068,0.08242127790334383,positivo,False
Urticaceae,Rubiaceae,0.5530347532404634,0.07953402714898328,positivo,False
Urticaceae,Centaurea,0.7912831956295503,0.0371430701405194,positivo,False
Urticaceae,Chenopodiaceae,0.4485314650859713,-0.1055692714561893,negativo,False
Urticaceae,Caryophyllaceae,0.38464811202927884,0.12314533066734717,positivo,False
Urticaceae,Plantago,0.3101521819393087,-0.1434041379162469,negativo,False
Urticaceae,Brassicaceae,0.7173103850790103,-0.0505319109357715,negativo,False
Urticaceae,Saxifragaceae,0.0374345372365308,0.2829583406920874,positivo,True
Urticaceae,Fabaceae,0.5604245810211533,-0.07339998271872922,negativo,False
Urticaceae,Genista,0.5250910421760366,-0.08529232295337791,negativo,False
Urticaceae,Lotus type,0.6052665995102127,-0.07127317276988843,negativo,False
Urticaceae,Trifolium type,0.41116585021561314,0.11367749015827436,positivo,False
Urticaceae,Rosaceae,0.00843744153443904,0.29436608287289945,positivo,True
Urticaceae,Boraginaceae,0.4080187867428545,-0.11783754006625397,negativo,False
Urticaceae,Sedum,0.05001628786256993,0.18648882673218536,positivo,False
Urticaceae,Helianthemum,0.9023495323104168,-0.016515410897167737,negativo,False
Urticaceae,Lamiaceae,0.9973363702099778,0.0004723889646068291,positivo,False
Urticaceae,Rumex,0.5622148068833996,-0.08137538587471312,negativo,False
Urticaceae,Berberidaceae,0.2503448158665202,-0.160725010723756,negativo,False
Urticaceae,Euphorbiaceae,0.6798484425203262,0.058535599617013906,positivo,False
Urticaceae,Primulaceae,0.6926727671554784,0.05361187242239636,positivo,False
Urticaceae,Scrophulariaceae,0.9463700100653819,-0.009451396301887387,negativo,False
Urticaceae,Papaver,0.19488789367886783,0.17470589541960643,positivo,False
Urticaceae,Campanulaceae,0.11272104000573696,-0.22102365080287711,negativo,False
Urticaceae,Convolvulaceae,0.40801882827889857,-0.11783752953391914,negativo,False
Urticaceae,Liliaceae,0.4124893712255643,0.11300056581355308,positivo,False
Urticaceae,Iridaceae,0.4364768078676893,0.11336577946540405,positivo,False
Urticaceae,Crassulaceae,0.940554028771768,-0.010239413043310375,negativo,False
Urticaceae,Ranunculaceae,0.8946552087113663,0.01855938390166624,positivo,False
Urticaceae,Cistaceae,0.753019995809058,0.044884778032903666,positivo,False
Urticaceae,Apiaceae,0.7684724141994179,0.04121656220271999,positivo,False
Urticaceae,Valerianaceae,0.057686575658310923,0.22778474279455488,positivo,False
Urticaceae,Ranunculus,0.9257001375478588,-0.012915490373824695,negativo,False
Rumex,Pinus,0.8011212946881886,-0.025656907164691156,negativo,False
Rumex,Juniperus,0.3967874917595461,0.11584538355862156,positivo,False
Rumex,Taxus,0.3381042319905424,-0.1335681787825085,negativo,False
Rumex,Betula,0.9577518875337191,-0.006554726973767688,negativo,False
Rumex,Corylus,0.5441884160603643,0.07953372973025474,positivo,False
Rumex,Salix,0.9896138208886467,-0.001773626532404593,negativo,False
Rumex,Ulmus,0.015118646287026749,0.28159938840083276,positivo,True
Rumex,Populus,0.7393505111328229,-0.04806212451950953,negativo,False
Rumex,Acer,0.6686665151758666,0.059987681093161105,positivo,False
Rumex,Fraxinus,0.36413170464047095,0.12735828220913392,positivo,False
Rumex,Tilia,0.17902730750617094,0.18038439383990468,positivo,False
Rumex,Juglans,0.878394090317729,-0.021448821428229105,negativo,False
Rumex,Pistacia,0.11935726778015646,-0.18583816652232726,negativo,False
Rumex,Rhamnus,0.3573880148621209,-0.1318222232111113,negativo,False
Rumex,Buxus,0.6568281116807706,-0.06248193218276646,negativo,False
Rumex,Sambucus,0.4797684783873103,-0.09841553739599124,negativo,False
Rumex,Viburnum,0.8792566642831842,-0.021194936740388384,negativo,False
Rumex,Tamarix,0.0012767556631380547,0.4038711600620837,positivo,True
Rumex,Thymelaeaceae,0.045687910638772596,0.27378512417632916,positivo,True
Rumex,Ephedra distachya,0.27649256065732575,-0.14714494219821955,negativo,False
Rumex,Ephedra fragilis,0.19425977214846596,-0.1795802472182385,negativo,False
Rumex,Ericaceae,0.5860254637268061,0.07649497159558621,positivo,False
Rumex,Hereda helix,0.6870256545228466,0.05638240558640155,positivo,False
Rumex,Lonicera,0.45690170034294453,0.10405895060781692,positivo,False
Rumex,Oleaceae,0.7284653929447282,0.04925969857736762,positivo,False
Rumex,Myrtus,0.46157188688237283,-0.10690533658376934,negativo,False
Rumex,Poaceae,0.16714080640981363,0.18964095207539972,positivo,False
Rumex,Artemisia,0.036682780531336986,0.20387153485584592,positivo,True
Rumex,Cichorioideae,0.8293768823238675,0.024222331538663044,positivo,False
Rumex,Asteroideae,0.15316822644210587,0.1945287964529466,positivo,False
Rumex,Cardueae,0.5315015878629933,0.08729745494988148,positivo,False
Rumex,Rubiaceae,0.5254095403132835,-0.08468723948064896,negativo,False
Rumex,Centaurea,0.2597044404698798,-0.15664399814828533,negativo,False
Rumex,Chenopodiaceae,0.9866455801662783,0.0023538142321655187,positivo,False
Rumex,Caryophyllaceae,0.07013222983155187,0.23284534773705395,positivo,False
Rumex,Plantago,0.3903706936692528,-0.11977914992002808,negativo,False
Rumex,Brassicaceae,0.5989592818924643,-0.07213419924614586,negativo,False
Rumex,Saxifragaceae,0.5383824013523497,0.08512132998402905,positivo,False
Rumex,Fabaceae,0.29352524262455953,-0.13153729465100455,negativo,False
Rumex,Genista,0.6183838349844607,-0.06507184942540517,negativo,False
Rumex,Lotus type,0.46485763558990967,0.10163769109625939,positivo,False
Rumex,Trifolium type,0.32289160728846755,0.13525099283327208,positivo,False
Rumex,Rosaceae,0.1880695430343757,0.1449021567516976,positivo,False
Rumex,Boraginaceae,0.6568279737543141,-0.06248195890635022,negativo,False
Rumex,Sedum,0.06440850042317772,0.17207056712546148,positivo,False
Rumex,Helianthemum,0.9067260672287194,0.01567442779303474,positivo,False
Rumex,Lamiaceae,0.6272371657564328,-0.06833554106035034,negativo,False
Rumex,Urticaceae,0.06736203893298136,0.24549255670036235,positivo,False
Rumex,Berberidaceae,0.8010505351662464,0.0355452061248656,positivo,False
Rumex,Euphorbiaceae,0.16626795710103742,0.19225214131437035,positivo,False
Rumex,Primulaceae,0.40327908171384075,0.11586918305994355,positivo,False
Rumex,Scrophulariaceae,0.5880468294990429,-0.07489901933592856,negativo,False
Rumex,Papaver,0.4626589939842394,0.09779010184386044,positivo,False
Rumex,Campanulaceae,0.6134309182983055,-0.07047461770553774,negativo,False
Rumex,Convolvulaceae,0.6568279867476747,-0.062481956348728274,negativo,False
Rumex,Liliaceae,0.658772769809469,0.06197221937106779,positivo,False
Rumex,Iridaceae,0.2360004098561917,-0.1656812331055037,negativo,False
Rumex,Crassulaceae,0.681955099760396,0.05560286064754106,positivo,False
Rumex,Ranunculaceae,0.9845332416665272,-0.0028038819836926476,negativo,False
Rumex,Cistaceae,0.32502275511279055,-0.13797146751950035,negativo,False
Rumex,Apiaceae,0.083952947708531,0.2336240420223189,positivo,False
Rumex,Valerianaceae,0.012771390653739553,0.29451601168345,positivo,True
Rumex,Ranunculus,0.8019155211924947,-0.03395036046325747,negativo,False
Berberidaceae,Pinus,0.05212184127561418,0.18713261052945107,positivo,False
Berberidaceae,Juniperus,0.47115412239997323,-0.0969019485199023,negativo,False
Berberidaceae,Taxus,0.15841538148963757,0.19462208570018083,positivo,False
Berberidaceae,Betula,0.6444641262708093,0.0564725048385567,positivo,False
Berberidaceae,Corylus,0.6727650787814838,0.055692016158296775,positivo,False
Berberidaceae,Salix,0.8351060957714955,-0.028688932912285886,negativo,False
Berberidaceae,Ulmus,0.9121493752132677,-0.01345085021671888,negativo,False
Berberidaceae,Populus,0.05378306278029484,0.26409666625343553,positivo,False
Berberidaceae,Acer,0.5063498824073777,-0.09277711085294078,negativo,False
Berberidaceae,Fraxinus,0.7158677111514185,-0.05240296162211694,negativo,False
Berberidaceae,Tilia,0.48859172821924146,-0.09415080524326266,negativo,False
Berberidaceae,Juglans,0.6202169680640577,-0.06939704582349279,negativo,False
Berberidaceae,Pistacia,0.30415079634865555,-0.12295062721454653,negativo,False
Berberidaceae,Rhamnus,0.017237323659728056,0.31973132005704374,positivo,True
Berberidaceae,Buxus,0.8087078463032945,-0.0339934758542973,negativo,False
Berberidaceae,Sambucus,0.4734127345554666,-0.09971960698172239,negativo,False
Berberidaceae,Viburnum,0.12308331512230744,0.211794620632186,positivo,False
Berberidaceae,Tamarix,0.559566280075301,-0.07819233098427775,negativo,False
Berberidaceae,Thymelaeaceae,0.7241872485891714,-0.049515734339780654,negativo,False
Berberidaceae,Ephedra distachya,0.3302058202998098,0.1367553057221682,positivo,False
Berberidaceae,Ephedra fragilis,0.6335426229355017,-0.06787221316125344,negativo,False
Berberidaceae,Ericaceae,0.3735838007744523,-0.12264257757340177,negativo,False
Berberidaceae,Hereda helix,0.31303446686768543,0.14031625090897848,positivo,False
Berberidaceae,Lonicera,0.4834770034642223,-0.0983825303423142,negativo,False
Berberidaceae,Oleaceae,0.4633958620048504,-0.10156280508611669,negativo,False
Berberidaceae,Myrtus,0.23788756138260295,0.1639092166311518,positivo,False
Berberidaceae,Poaceae,0.8507250815945526,0.02659400527467444,positivo,False
Berberidaceae,Artemisia,0.20373025669364775,-0.12635779078053386,negativo,False
Berberidaceae,Cichorioideae,0.17752894710355613,-0.1592417424475665,negativo,False
Berberidaceae,Asteroideae,0.4744264858940448,0.09843054370668397,positivo,False
Berberidaceae,Cardueae,0.3212873705359399,0.1457749065286299,positivo,False
Berberidaceae,Rubiaceae,0.45489255615362967,-0.09992904635648694,negativo,False
Berberidaceae,Centaurea,5.8604486678555566e-05,0.5070096213937654,positivo,True
Berberidaceae,Chenopodiaceae,0.920061508040151,-0.014178672134439782,negativo,False
Berberidaceae,Caryophyllaceae,0.4405305756011133,-0.10574092944141372,negativo,False
Berberidaceae,Plantago,0.6202169121166757,-0.06939705674313885,negativo,False
Berberidaceae,Brassicaceae,0.8152670418879736,0.032198670608307056,positivo,False
Berberidaceae,Saxifragaceae,0.9283854423314363,-0.012447036031021383,negativo,False
Berberidaceae,Fabaceae,0.032349854003104334,0.2614242990866774,positivo,True
Berberidaceae,Genista,0.09056469478277099,0.21536835713472946,positivo,False
Berberidaceae,Lotus type,0.16196717582606313,-0.19420543769324128,negativo,False
Berberidaceae,Trifolium type,0.9983127996796195,0.0002998355958937493,positivo,False
Berberidaceae,Rosaceae,0.3808158529352702,-0.09873377228628533,negativo,False
Berberidaceae,Boraginaceae,0.8087078244297035,-0.03399347979554263,negativo,False
Berberidaceae,Sedum,0.03093965806680283,-0.21052061005431122,negativo,True
Berberidaceae,Helianthemum,0.8459897540204498,-0.028146271758091257,negativo,False
Berberidaceae,Lamiaceae,0.405354974491719,-0.11448553162669614,negativo,False
Berberidaceae,Urticaceae,0.28241371505183865,0.14553822471436856,positivo,False
Berberidaceae,Rumex,0.19742128646198084,0.17794243133716003,positivo,False
Berberidaceae,Euphorbiaceae,0.8087078575138367,-0.033993473798267115,negativo,False
Berberidaceae,Primulaceae,0.1251376686240946,-0.21709894825173406,negativo,False
Berberidaceae,Scrophulariaceae,0.5434328137434196,-0.08352643036610641,negativo,False
Berberidaceae,Papaver,0.48908414123674204,-0.09256465990752398,negativo,False
Berberidaceae,Campanulaceae,0.31185794930952204,-0.13968023653988604,negativo,False
Berberidaceae,Convolvulaceae,0.8087079035330412,-0.0339934654568501,negativo,False
Berberidaceae,Liliaceae,0.6258473163025782,-0.06689513587674634,negativo,False
Berberidaceae,Iridaceae,0.0012266929942027402,0.42328541593693836,positivo,True
Berberidaceae,Crassulaceae,0.9623944352064382,-0.006426162170579279,negativo,False
Berberidaceae,Ranunculaceae,0.1858829937795362,-0.18437630529772978,negativo,False
Berberidaceae,Cistaceae,0.5948295069904462,-0.0744233661319402,negativo,False
Berberidaceae,Apiaceae,0.7853707101112704,-0.04422249474407178,negativo,False
Berberidaceae,Valerianaceae,0.01737995875516876,0.28821635923916916,positivo,True
Berberidaceae,Ranunculus,0.031035347394287344,0.2802026015661682,positivo,True
Euphorbiaceae,Pinus,0.08518827427566039,0.1668224708618682,positivo,False
Euphorbiaceae,Juniperus,0.39984122423955215,0.11218379178170079,positivo,False
Euphorbiaceae,Taxus,0.728642159221788,-0.048412295546367556,negativo,False
Euphorbiaceae,Betula,0.8733991046458911,-0.019587878835319872,negativo,False
Euphorbiaceae,Corylus,0.817093990449601,0.03089232732783559,positivo,False
Euphorbiaceae,Salix,0.5544784552077262,0.08313627420614947,positivo,False
Euphorbiaceae,Ulmus,0.4048405330275432,0.0994971575088246,positivo,False
Euphorbiaceae,Populus,0.7216215356565094,-0.049929596842463744,negativo,False
Euphorbiaceae,Acer,0.7082941618535958,-0.052141145972660057,negativo,False
Euphorbiaceae,Fraxinus,0.7639442966801864,-0.0419996522041214,negativo,False
Euphorbiaceae,Tilia,0.8363410486503602,-0.028029807220849273,negativo,False
Euphorbiaceae,Juglans,0.7795476458982419,-0.03917758976821373,negativo,False
Euphorbiaceae,Pistacia,0.6364713224344318,-0.05723889144212961,negativo,False
Euphorbiaceae,Rhamnus,0.0014634514171065866,0.4135132182701963,positivo,True
Euphorbiaceae,Buxus,0.0,1.0000000002455531,positivo,True
Euphorbiaceae,Sambucus,1.05265474763525e-05,0.5400092383116329,positivo,True
Euphorbiaceae,Viburnum,0.7810404374076605,-0.038729834912496965,negativo,False
Euphorbiaceae,Tamarix,0.265147348440227,-0.1526624578192515,negativo,False
Euphorbiaceae,Thymelaeaceae,2.739669317702585e-10,0.6997513830469164,positivo,True
Euphorbiaceae,Ephedra distachya,0.7414507574329994,-0.04434907560928977,negativo,False
Euphorbiaceae,Ephedra fragilis,0.5524260510725758,-0.0825367922559953,negativo,False
Euphorbiaceae,Ericaceae,0.7040973285863505,-0.05255215519270319,negativo,False
Euphorbiaceae,Hereda helix,1.9284342889962614e-10,0.7010474351952356,positivo,True
Euphorbiaceae,Lonicera,0.693173508874181,-0.05532676555278096,negativo,False
Euphorbiaceae,Oleaceae,0.35890061773616955,-0.12598529056480698,negativo,False
Euphorbiaceae,Myrtus,0.779547712534133,-0.03917757756463758,negativo,False
Euphorbiaceae,Poaceae,0.28643824178639404,-0.1466713822656332,negativo,False
Euphorbiaceae,Artemisia,0.5977416681796498,-0.05294754376845465,negativo,False
Euphorbiaceae,Cichorioideae,0.692204883412719,-0.04302434747828909,negativo,False
Euphorbiaceae,Asteroideae,0.6429356847832015,0.06389644022954682,positivo,False
Euphorbiaceae,Cardueae,0.1530492310993623,0.19309889121784088,positivo,False
Euphorbiaceae,Rubiaceae,0.007210683863801908,0.36115753963468844,positivo,True
Euphorbiaceae,Centaurea,0.743121927058931,-0.045779683940651704,negativo,False
Euphorbiaceae,Chenopodiaceae,0.05650172499164826,0.2559022555598719,positivo,False
Euphorbiaceae,Caryophyllaceae,0.8070454153281981,-0.03202682563218581,negativo,False
Euphorbiaceae,Plantago,0.7795477397415,-0.03917757261332315,negativo,False
Euphorbiaceae,Brassicaceae,0.6258056613115703,-0.06698971861376106,negativo,False
Euphorbiaceae,Saxifragaceae,0.4855195824818914,-0.09624242045659945,negativo,False
Euphorbiaceae,Fabaceae,0.5000866916634408,-0.08493686471619459,negativo,False
Euphorbiaceae,Genista,0.3101997820760757,-0.13084095586614475,negativo,False
Euphorbiaceae,Lotus type,0.4212819741571049,-0.10877432391466624,negativo,False
Euphorbiaceae,Trifolium type,0.4329579652034081,-0.1068414613455865,negativo,False
Euphorbiaceae,Rosaceae,0.8229065019197589,-0.024890700518365616,negativo,False
Euphorbiaceae,Boraginaceae,0.891016604810959,-0.01923076500653625,negativo,False
Euphorbiaceae,Sedum,0.7800872239312914,-0.026570285641763502,negativo,False
Euphorbiaceae,Helianthemum,0.6898394487428581,-0.05332195536993303,negativo,False
Euphorbiaceae,Lamiaceae,0.1476298603493552,-0.19950211386433192,negativo,False
Euphorbiaceae,Urticaceae,0.5420236517080055,-0.08333897974622034,negativo,False
Euphorbiaceae,Rumex,0.6176383393667142,-0.06932926264096362,negativo,False
Euphorbiaceae,Berberidaceae,0.8010505466645674,-0.035300904231184385,negativo,False
Euphorbiaceae,Primulaceae,0.4063873818971703,-0.11145648479518952,negativo,False
Euphorbiaceae,Scrophulariaceae,0.31610671149687336,-0.13743184803486055,negativo,False
Euphorbiaceae,Papaver,0.0066742685538205,0.3611575529626941,positivo,True
Euphorbiaceae,Campanulaceae,0.47999227692561075,-0.09914696980540627,negativo,False
Euphorbiaceae,Convolvulaceae,0.8910165800602701,-0.019230769400899992,negativo,False
Euphorbiaceae,Liliaceae,0.7265449485042046,-0.0482163991809087,negativo,False
Euphorbiaceae,Iridaceae,0.7214391791825687,-0.049972170825916165,negativo,False
Euphorbiaceae,Crassulaceae,0.34216678890051666,-0.12788722576016326,negativo,False
Euphorbiaceae,Ranunculaceae,0.11889381533632791,-0.21269911174745018,negativo,False
Euphorbiaceae,Cistaceae,0.7639442042689009,-0.04199966914623901,negativo,False
Euphorbiaceae,Apiaceae,0.37723519255367566,-0.12206079379148393,negativo,False
Euphorbiaceae,Valerianaceae,0.7969898110344531,-0.03149973641178773,negativo,False
Euphorbiaceae,Ranunculus,0.6596469365635036,-0.0592756558458111,negativo,False
Primulaceae,Pinus,0.3411985324696255,0.10165210221816845,positivo,False
Primulaceae,Juniperus,0.8293528121665411,-0.031089459379132545,negativo,False
Primulaceae,Taxus,0.0012313956805906736,0.43544873555778574,positivo,True
Primulaceae,Betula,0.542718656684287,-0.08096167964926532,negativo,False
Primulaceae,Corylus,0.9539055180502378,0.007843577792284673,positivo,False
Primulaceae,Salix,0.6671422577224795,0.06393959017032219,positivo,False
Primulaceae,Ulmus,0.8980812346915235,-0.01594106545862145,negativo,False
Primulaceae,Populus,0.9227639950826232,-0.014200475004498246,negativo,False
Primulaceae,Acer,0.9840082843945084,-0.0028938465205271546,negativo,False
Primulaceae,Fraxinus,0.7877666525611763,-0.039029422428880745,negativo,False
Primulaceae,Tilia,0.5191532162091866,-0.09418790971347846,negativo,False
Primulaceae,Juglans,0.3618701521180371,-0.1341602650149273,negativo,False
Primulaceae,Pistacia,0.37248117923063373,0.11329919616494125,positivo,False
Primulaceae,Rhamnus,0.10780684197240838,0.22820675540719387,positivo,False
Primulaceae,Buxus,0.7631596400020472,-0.04411504970727803,negativo,False
Primulaceae,Sambucus,0.25654642603301225,-0.16519464123321365,negativo,False
Primulaceae,Viburnum,0.5961944902017444,-0.07740605178598972,negativo,False
Primulaceae,Tamarix,0.5868440807487644,-0.07503930334375858,negativo,False
Primulaceae,Thymelaeaceae,0.3828616054640954,-0.12799146315331783,negativo,False
Primulaceae,Ephedra distachya,0.9165031433539245,0.014785345503384631,positivo,False
Primulaceae,Ephedra fragilis,0.1757159993641779,-0.19234029377536904,negativo,False
Primulaceae,Ericaceae,0.06865127703338036,-0.2548511222946959,negativo,False
Primulaceae,Hereda helix,0.6036306340996773,0.07618668187453786,positivo,False
Primulaceae,Lonicera,0.4005781768593748,0.12540481103658263,positivo,False
Primulaceae,Oleaceae,0.20893178407641838,-0.17783632574599298,negativo,False
Primulaceae,Myrtus,0.3151708870132045,0.1446308439337736,positivo,False
Primulaceae,Poaceae,0.032118286963731174,0.30892094970979733,positivo,True
Primulaceae,Artemisia,0.26025693816915696,-0.11909777829432423,negativo,False
Primulaceae,Cichorioideae,0.1462075362580938,-0.1605510142220869,negativo,False
Primulaceae,Asteroideae,0.9308136833780817,-0.012409934807712547,negativo,False
Primulaceae,Cardueae,0.8005398769944627,-0.03596600010477208,negativo,False
Primulaceae,Rubiaceae,0.19187987511342544,0.17837901978266987,positivo,False
Primulaceae,Centaurea,0.5442374006703653,0.08763725651264699,positivo,False
Primulaceae,Chenopodiaceae,0.315409888397803,0.14234864783069195,positivo,False
Primulaceae,Caryophyllaceae,0.29293335015417765,-0.142344548709692,negativo,False
Primulaceae,Plantago,0.7472952634193524,0.046704649991388236,positivo,False
Primulaceae,Brassicaceae,0.9024575207544087,0.019481986710009506,positivo,False
Primulaceae,Saxifragaceae,0.6175803511397504,-0.07170805761446375,negativo,False
Primulaceae,Fabaceae,0.4996184639084622,0.08812972841699804,positivo,False
Primulaceae,Genista,0.01867735090507117,0.30820097781236977,positivo,True
Primulaceae,Lotus type,0.6426911198736927,-0.06524282679244267,negativo,False
Primulaceae,Trifolium type,0.48890337383102067,-0.10065396444102906,negativo,False
Primulaceae,Rosaceae,0.33839809198266546,-0.11469873090027849,negativo,False
Primulaceae,Boraginaceae,0.38099624126242626,-0.12761854838921394,negativo,False
Primulaceae,Sedum,0.048685158517111395,-0.20580037338853285,negativo,True
Primulaceae,Helianthemum,0.06174258820077549,-0.25207007228076156,negativo,False
Primulaceae,Lamiaceae,0.9226245896067796,0.014254721946679587,positivo,False
Primulaceae,Urticaceae,0.6486819024185922,0.06431644522206711,positivo,False
Primulaceae,Rumex,0.03661398815726674,0.30084891682606535,positivo,True
Primulaceae,Berberidaceae,0.4615285552550972,-0.11368796344528197,negativo,False
Primulaceae,Euphorbiaceae,0.7810054157746301,0.04044630668988866,positivo,False
Primulaceae,Scrophulariaceae,0.5933912007852897,-0.07837480423265906,negativo,False
Primulaceae,Papaver,0.2912846855903749,-0.14549601524035455,negativo,False
Primulaceae,Campanulaceae,0.7872884119585031,-0.03943355549267642,negativo,False
Primulaceae,Convolvulaceae,0.3809961540336081,-0.12761857133194798,negativo,False
Primulaceae,Liliaceae,0.21126164393008148,-0.17639351955189347,negativo,False
Primulaceae,Iridaceae,0.7262798141349198,0.05144716359080554,positivo,False
Primulaceae,Crassulaceae,0.27056392838878923,0.16604669022879964,positivo,False
Primulaceae,Ranunculaceae,0.8127337609543532,-0.037016301427832445,negativo,False
Primulaceae,Cistaceae,0.39053889919188045,-0.12387598507441358,negativo,False
Primulaceae,Apiaceae,0.6084512855789193,-0.08331697862721169,negativo,False
Primulaceae,Valerianaceae,0.7483883166130507,0.04244090359201233,positivo,False
Primulaceae,Ranunculus,0.0038729457063618462,0.38048568746320216,positivo,True
Scrophulariaceae,Pinus,0.5278208863562379,0.06658450305271982,positivo,False
Scrophulariaceae,Juniperus,0.5549982967626903,-0.08932235668394373,negativo,False
Scrophulariaceae,Taxus,0.2029451513496449,0.18783782274340266,positivo,False
Scrophulariaceae,Betula,0.6130530197350423,0.06526828999944881,positivo,False
Scrophulariaceae,Corylus,0.4271647174942992,0.10871720995967671,positivo,False
Scrophulariaceae,Salix,0.8839879580801244,0.02149979764489665,positivo,False
Scrophulariaceae,Ulmus,0.49572811157260777,-0.08600382606322138,negativo,False
Scrophulariaceae,Populus,0.24385052690408698,-0.17341649132638626,negativo,False
Scrophulariaceae,Acer,0.8303261696525241,-0.03186931917485843,negativo,False
Scrophulariaceae,Fraxinus,0.7664769596134422,0.044046571655915245,positivo,False
Scrophulariaceae,Tilia,0.22327303307697857,-0.1803831170298317,negativo,False
Scrophulariaceae,Juglans,0.15408329761994424,-0.20815443227675498,negativo,False
Scrophulariaceae,Pistacia,0.1915523173301549,-0.16920193811191298,negativo,False
Scrophulariaceae,Rhamnus,0.41924586527754015,-0.12123835368032691,negativo,False
Scrophulariaceae,Buxus,0.638149747542688,0.07023858907571846,positivo,False
Scrophulariaceae,Sambucus,0.2829999601728731,-0.15838960752317358,negativo,False
Scrophulariaceae,Viburnum,0.3082220883283191,0.15054299588331665,positivo,False
Scrophulariaceae,Tamarix,0.04129092421488529,-0.2793009527432733,negativo,True
Scrophulariaceae,Thymelaeaceae,0.7039547811995588,-0.05626027450167077,negativo,False
Scrophulariaceae,Ephedra distachya,0.2991615975282065,0.14852938819010494,positivo,False
Scrophulariaceae,Ephedra fragilis,0.15767703591818782,0.2063960615134105,positivo,False
Scrophulariaceae,Ericaceae,0.5418975150939507,0.08920409101719248,positivo,False
Scrophulariaceae,Hereda helix,0.462632273851326,0.11240785643607511,positivo,False
Scrophulariaceae,Lonicera,0.5763994236445134,0.08384336317986404,positivo,False
Scrophulariaceae,Oleaceae,0.5184626804133065,-0.09392495689419789,negativo,False
Scrophulariaceae,Myrtus,0.3572972636299433,-0.1384274470184864,negativo,False
Scrophulariaceae,Poaceae,0.04417526030277348,0.2851785199603828,positivo,True
Scrophulariaceae,Artemisia,0.593845547835669,-0.056513631141675014,negativo,False
Scrophulariaceae,Cichorioideae,0.6736437490751501,0.04999609611604447,positivo,False
Scrophulariaceae,Asteroideae,0.7488223874269575,0.04662343422427436,positivo,False
Scrophulariaceae,Cardueae,0.09139420496446184,0.24090514576316446,positivo,False
Scrophulariaceae,Rubiaceae,0.8444104188402699,-0.027795558676494775,negativo,False
Scrophulariaceae,Centaurea,0.4108317750101306,-0.12262924471613226,negativo,False
Scrophulariaceae,Chenopodiaceae,0.8443692035896617,0.028864838279698022,positivo,False
Scrophulariaceae,Caryophyllaceae,0.4711562141722728,-0.10014994780216155,negativo,False
Scrophulariaceae,Plantago,0.18526166936146307,0.1932741333718125,positivo,False
Scrophulariaceae,Brassicaceae,0.9920070394196037,0.0014836307901247708,positivo,False
Scrophulariaceae,Saxifragaceae,0.2426913208707845,-0.1739095028822473,negativo,False
Scrophulariaceae,Fabaceae,0.31312132096324746,-0.13289853028742382,negativo,False
Scrophulariaceae,Genista,0.9814861963047986,0.003186921355547101,positivo,False
Scrophulariaceae,Lotus type,0.17667709627944225,0.193079167858224,positivo,False
Scrophulariaceae,Trifolium type,0.6326534859197276,0.06948395879792892,positivo,False
Scrophulariaceae,Rosaceae,0.8920484342897029,0.015908016986568962,positivo,False
Scrophulariaceae,Boraginaceae,0.9775255099493412,-0.0042143057619627305,negativo,False
Scrophulariaceae,Sedum,0.7837976950489491,0.028496835875605253,positivo,False
Scrophulariaceae,Helianthemum,0.9655835173823248,0.006072709850804853,positivo,False
Scrophulariaceae,Lamiaceae,0.7320491198267682,-0.05020179722704354,negativo,False
Scrophulariaceae,Urticaceae,0.83351675519566,-0.0306302984221707,negativo,False
Scrophulariaceae,Rumex,0.2624011806529174,-0.16343782297462156,negativo,False
Scrophulariaceae,Berberidaceae,0.5719015376417277,0.08337481391929925,positivo,False
Scrophulariaceae,Euphorbiaceae,0.3196769969511881,-0.14667936256897418,negativo,False
Scrophulariaceae,Primulaceae,0.6262787865532365,0.07125425343673966,positivo,False
Scrophulariaceae,Papaver,0.03061523806583622,-0.31094399966115355,negativo,True
Scrophulariaceae,Campanulaceae,0.7736753275874132,0.042211046443025764,positivo,False
Scrophulariaceae,Convolvulaceae,0.9775254575562977,-0.004214315579875896,negativo,False
Scrophulariaceae,Liliaceae,0.14230364739409884,-0.2178225257901106,negativo,False
Scrophulariaceae,Iridaceae,0.8091098855697947,-0.0357189445081842,negativo,False
Scrophulariaceae,Crassulaceae,0.9605579447879204,0.0072274501313082384,positivo,False
Scrophulariaceae,Ranunculaceae,0.11386621375993662,0.24259776397480934,positivo,False
Scrophulariaceae,Cistaceae,0.4165387716557488,0.11998890774650242,positivo,False
Scrophulariaceae,Apiaceae,0.31269509902409487,0.14592181560349224,positivo,False
Scrophulariaceae,Valerianaceae,0.9435045061641767,0.009300262739129716,positivo,False
Scrophulariaceae,Ranunculus,0.3451820129376064,0.1337891366452525,positivo,False
Papaver,Pinus,0.013616377003158384,0.23425852970171102,positivo,True
Papaver,Juniperus,0.9439420585429874,0.009440609352220408,positivo,False
Papaver,Taxus,0.919341682418082,0.014298401856868634,positivo,False
Papaver,Betula,0.9739512181336408,-0.004007311536060265,negativo,False
Papaver,Corylus,0.9742525852558608,-0.004220736136691106,negativo,False
Papaver,Salix,0.9242045996829582,-0.012967079457849251,negativo,False
Papaver,Ulmus,0.32091608123403537,-0.12453979548342292,negativo,False
Papaver,Populus,0.6873782527297503,0.05660570123268517,positivo,False
Papaver,Acer,0.24081775127550054,0.1624520107905557,positivo,False
Papaver,Fraxinus,0.057898360620631334,0.25936023472755954,positivo,False
Papaver,Tilia,0.1916094873382504,-0.17855027327407627,negativo,False
Papaver,Juglans,0.4353625540812478,-0.11040436917819324,negativo,False
Papaver,Pistacia,0.619692281514648,-0.061500602383468606,negativo,False
Papaver,Rhamnus,0.8523896603295745,0.026070705943538754,positivo,False
Papaver,Buxus,0.014498268775903515,0.3461093360842247,positivo,True
Papaver,Sambucus,0.17795013411905364,0.18759051102642987,positivo,False
Papaver,Viburnum,0.7414414577658531,0.046469822178682244,positivo,False
Papaver,Tamarix,0.18639666882193723,-0.18079789302655824,negativo,False
Papaver,Thymelaeaceae,0.18141375179829172,0.18821660409899627,positivo,False
Papaver,Ephedra distachya,0.8777344395726376,-0.020717349372460243,negativo,False
Papaver,Ephedra fragilis,0.7706714152412428,-0.04142227460677378,negativo,False
Papaver,Ericaceae,0.7014006978521311,0.05417709316384545,positivo,False
Papaver,Hereda helix,0.2841939518740703,0.14997046311523063,positivo,False
Papaver,Lonicera,0.39184857976806353,0.11957413181396566,positivo,False
Papaver,Oleaceae,0.5401545718658332,-0.084881115374136,negativo,False
Papaver,Myrtus,0.3562964272868072,-0.12942523201465106,negativo,False
Papaver,Poaceae,0.8630998019918595,0.024222030384733376,positivo,False
Papaver,Artemisia,0.8730301894508582,0.016697790747905304,positivo,False
Papaver,Cichorioideae,0.5756330388093482,-0.060522880393735545,negativo,False
Papaver,Asteroideae,0.5150515524944992,-0.09049552101339015,negativo,False
Papaver,Cardueae,0.9713465654880565,0.004950620485003304,positivo,False
Papaver,Rubiaceae,0.7676440301666153,-0.04061302481183425,negativo,False
Papaver,Centaurea,0.5924271008313642,0.0749610809330317,positivo,False
Papaver,Chenopodiaceae,0.018307165781018757,0.31697666239498634,positivo,True
Papaver,Caryophyllaceae,0.3830070310220671,-0.11816784510824568,negativo,False
Papaver,Plantago,0.3562964368092252,-0.12942522964635714,negativo,False
Papaver,Brassicaceae,0.9695154754502562,0.005247695152477139,positivo,False
Papaver,Saxifragaceae,0.8879251121109542,0.019939061392314474,positivo,False
Papaver,Fabaceae,0.6672556206658935,-0.055276445999050405,negativo,False
Papaver,Genista,0.1414804618245272,-0.18827719425072556,negativo,False
Papaver,Lotus type,0.6612234336114828,0.05958766354897263,positivo,False
Papaver,Trifolium type,0.5061351204257885,-0.09143224362397145,negativo,False
Papaver,Rosaceae,0.9447861699819727,-0.007707093932325992,negativo,False
Papaver,Boraginaceae,0.6545419073259704,-0.06292895703953594,negativo,False
Papaver,Sedum,0.21402189602039426,-0.1188535021282689,negativo,False
Papaver,Helianthemum,0.36183951626268684,-0.1214258941440412,negativo,False
Papaver,Lamiaceae,0.32441026575951437,-0.13683291889797078,negativo,False
Papaver,Urticaceae,0.34496624677633947,-0.13013831854851632,negativo,False
Papaver,Rumex,0.5922561580429695,0.07435191806032525,positivo,False
Papaver,Berberidaceae,0.46187695008925045,-0.10343256629072875,negativo,False
Papaver,Euphorbiaceae,0.6766225309934085,-0.061530572438084685,negativo,False
Papaver,Primulaceae,0.42570794849580174,-0.10761110717717401,negativo,False
Papaver,Scrophulariaceae,0.14399891522250374,-0.20963547780792585,negativo,False
Papaver,Campanulaceae,0.9451424467868478,0.009622683417118236,positivo,False
Papaver,Convolvulaceae,0.6545419331202708,-0.06292895198406555,negativo,False
Papaver,Liliaceae,0.1575022381525738,-0.19231060851073534,negativo,False
Papaver,Iridaceae,0.28937941088588737,0.14807685226853687,positivo,False
Papaver,Crassulaceae,0.6694282123900155,0.057893616054512625,positivo,False
Papaver,Ranunculaceae,0.9092972797972521,-0.01590363661406833,negativo,False
Papaver,Cistaceae,0.3215060605185921,-0.13898285185474932,negativo,False
Papaver,Apiaceae,0.3033011625576853,-0.1423513174435677,negativo,False
Papaver,Valerianaceae,0.41734393061307606,0.09916715040873186,positivo,False
Papaver,Ranunculus,0.7143534212172327,-0.04927430490678153,negativo,False
Campanulaceae,Pinus,0.26231488326758906,0.11042108860669986,positivo,False
Campanulaceae,Juniperus,0.32099644182430176,-0.13266565400322602,negativo,False
Campanulaceae,Taxus,0.31104517581519475,0.1410758674063814,positivo,False
Campanulaceae,Betula,0.6474910623045166,-0.056760927452009,negativo,False
Campanulaceae,Corylus,0.3267514707737319,-0.12753339038422662,negativo,False
Campanulaceae,Salix,0.9893563924529254,-0.0018186249856286252,negativo,False
Campanulaceae,Ulmus,0.08280452106820323,-0.2102846696406932,negativo,False
Campanulaceae,Populus,0.2570115496283581,-0.1580728287288279,negativo,False
Campanulaceae,Acer,0.48867622769767693,0.10011718927791399,positivo,False
Campanulaceae,Fraxinus,0.22854277922851754,-0.16722663279279582,negativo,False
Campanulaceae,Tilia,0.054200633394405194,0.2550320186536866,positivo,False
Campanulaceae,Juglans,0.22944309513218875,-0.16890681747424327,negativo,False
Campanulaceae,Pistacia,0.7674081422956346,-0.03642809511023917,negativo,False
Campanulaceae,Rhamnus,0.8841159801616849,0.020352704963971013,positivo,False
Campanulaceae,Buxus,0.25694896076548707,0.15855956164600654,positivo,False
Campanulaceae,Sambucus,1.0,-7.383075262268335e-10,negativo,False
Campanulaceae,Viburnum,0.2564195518222491,0.1574588673234027,positivo,False
Campanulaceae,Tamarix,0.18528416750225,0.17554380437489253,positivo,False
Campanulaceae,Thymelaeaceae,0.7073873134424697,0.05307924026960097,positivo,False
Campanulaceae,Ephedra distachya,0.8424632047622854,-0.026808351330632817,negativo,False
Campanulaceae,Ephedra fragilis,0.20621305193285058,-0.17507206725415772,negativo,False
Campanulaceae,Ericaceae,0.46445217514783543,-0.10175295773083701,negativo,False
Campanulaceae,Hereda helix,0.5689816557367215,0.07990544933032628,positivo,False
Campanulaceae,Lonicera,0.7786075579361568,-0.039653964781860146,negativo,False
Campanulaceae,Oleaceae,0.0514464180517557,-0.2645135458160962,negativo,False
Campanulaceae,Myrtus,0.22944308863511484,-0.16890681994269066,negativo,False
Campanulaceae,Poaceae,0.1299462700584569,0.20693309781150163,positivo,False
Campanulaceae,Artemisia,0.1148034533948344,-0.15786319185132958,negativo,False
Campanulaceae,Cichorioideae,0.5222297356508407,-0.06941014376330784,negativo,False
Campanulaceae,Asteroideae,0.9852667833006453,-0.002564139611324061,negativo,False
Campanulaceae,Cardueae,0.14977515797539082,0.19854975437500288,positivo,False
Campanulaceae,Rubiaceae,0.3940132061820374,0.11374463794047916,positivo,False
Campanulaceae,Centaurea,0.4253614524334357,0.11125469628328916,positivo,False
Campanulaceae,Chenopodiaceae,0.5900235644872899,-0.07442877949836872,negativo,False
Campanulaceae,Caryophyllaceae,0.31381552416432873,-0.1314912492482399,negativo,False
Campanulaceae,Plantago,0.8859144632723943,0.020376061285081376,positivo,False
Campanulaceae,Brassicaceae,0.6533667616952297,0.06325794270083304,positivo,False
Campanulaceae,Saxifragaceae,0.26332687736974525,-0.1597176752879645,negativo,False
Campanulaceae,Fabaceae,0.521118555061493,0.0815826818687351,positivo,False
Campanulaceae,Genista,0.007397380443791134,0.34358294426255126,positivo,True
Campanulaceae,Lotus type,0.11960064962800905,-0.21019879092165894,negativo,False
Campanulaceae,Trifolium type,0.7508435594557976,-0.044524784354854685,negativo,False
Campanulaceae,Rosaceae,0.20908054481708552,-0.14332298951027883,negativo,False
Campanulaceae,Boraginaceae,0.5626050816900429,-0.08154493079249135,negativo,False
Campanulaceae,Sedum,0.5466310985438253,-0.05885475721274552,negativo,False
Campanulaceae,Helianthemum,0.2581495268360933,-0.15098902674516865,negativo,False
Campanulaceae,Lamiaceae,0.7168942072012787,-0.05107303047470679,negativo,False
Campanulaceae,Urticaceae,0.7184432012393163,0.04991193759296164,positivo,False
Campanulaceae,Rumex,0.27963967258563194,-0.1497543584815529,negativo,False
Campanulaceae,Berberidaceae,0.3140575548983455,-0.14037665654752288,negativo,False
Campanulaceae,Euphorbiaceae,0.580980396519179,-0.07850525617364536,negativo,False
Campanulaceae,Primulaceae,0.5767464400967987,0.07636049991776298,positivo,False
Campanulaceae,Scrophulariaceae,0.9163226638932447,0.014522247065157158,positivo,False
Campanulaceae,Papaver,0.6452855706313181,-0.06173386615923156,negativo,False
Campanulaceae,Convolvulaceae,0.5626051182983343,-0.08154492293520589,negativo,False
Campanulaceae,Liliaceae,0.7504868913877624,-0.04377505079841579,negativo,False
Campanulaceae,Iridaceae,0.5105514585179065,0.09348171432102546,positivo,False
Campanulaceae,Crassulaceae,0.8067630422748525,0.03401946167883661,positivo,False
Campanulaceae,Ranunculaceae,0.8120675350866042,0.03372253728525659,positivo,False
Campanulaceae,Cistaceae,0.22854282472219453,-0.16722661678011802,negativo,False
Campanulaceae,Apiaceae,0.6826681567142399,-0.056465348239694,negativo,False
Campanulaceae,Valerianaceae,0.9353744093279036,-0.010089519424624438,negativo,False
Campanulaceae,Ranunculus,0.6314368355163613,-0.0660792273168893,negativo,False
Convolvulaceae,Pinus,0.7908013208312893,0.02672047575029035,positivo,False
Convolvulaceae,Juniperus,0.4234483454505188,0.1075404028925902,positivo,False
Convolvulaceae,Taxus,0.728642255180769,-0.04841227779447323,negativo,False
Convolvulaceae,Betula,0.954080226245813,0.007139560321141103,positivo,False
Convolvulaceae,Corylus,0.9249503651976905,0.01228974280554529,positivo,False
Convolvulaceae,Salix,0.47780942093131185,-0.09687082084477416,negativo,False
Convolvulaceae,Ulmus,0.6085100957428995,-0.06192020731886888,negativo,False
Convolvulaceae,Populus,0.7662009736228808,-0.042114369276988556,negativo,False
Convolvulaceae,Acer,0.7082941894218386,-0.05214114086271012,negativo,False
Convolvulaceae,Fraxinus,0.00014160770491010945,0.48299600131643516,positivo,True
Convolvulaceae,Tilia,0.8363409451640336,-0.028029825075124998,negativo,False
Convolvulaceae,Juglans,0.7795477414090045,-0.039177572352633805,negativo,False
Convolvulaceae,Pistacia,0.5251386794280457,-0.07658310860949669,negativo,False
Convolvulaceae,Rhamnus,0.70233752759123,-0.053215357464882346,negativo,False
Convolvulaceae,Buxus,0.8910164368090948,-0.019230794834098636,negativo,False
Convolvulaceae,Sambucus,0.6862620096636669,-0.05616095868370627,negativo,False
Convolvulaceae,Viburnum,0.781040429049096,-0.038729836441676914,negativo,False
Convolvulaceae,Tamarix,0.7425350527185871,-0.04389485414018676,negativo,False
Convolvulaceae,Thymelaeaceae,0.8418174690824348,-0.027990073870721534,negativo,False
Convolvulaceae,Ephedra distachya,0.7414507349531327,-0.04434907964629725,negativo,False
Convolvulaceae,Ephedra fragilis,0.1443467971121535,-0.24278116580570513,negativo,False
Convolvulaceae,Ericaceae,0.7040973798146922,-0.05255214563066686,negativo,False
Convolvulaceae,Hereda helix,0.9317502320163946,-0.012679786893776593,negativo,False
Convolvulaceae,Lonicera,0.6848883622146953,-0.05687743844132933,negativo,False
Convolvulaceae,Oleaceae,0.4499075868576131,-0.10463240666261688,negativo,False
Convolvulaceae,Myrtus,0.7795477756479572,-0.03917756613341579,negativo,False
Convolvulaceae,Poaceae,0.7394160889955674,0.046025403967026285,positivo,False
Convolvulaceae,Artemisia,0.5430511479507871,0.0612834025133739,positivo,False
Convolvulaceae,Cichorioideae,0.001416049496337295,0.3329337938666972,positivo,True
Convolvulaceae,Asteroideae,0.7113797118439518,-0.05107569509628405,negativo,False
Convolvulaceae,Cardueae,0.8838081206476449,-0.02048452592100894,negativo,False
Convolvulaceae,Rubiaceae,0.6740721935734344,-0.05618005858108999,negativo,False
Convolvulaceae,Centaurea,0.02917721191107308,0.29470673440556006,positivo,True
Convolvulaceae,Chenopodiaceae,0.2546934880351076,-0.15721093019319404,negativo,False
Convolvulaceae,Caryophyllaceae,0.13199536181015992,0.1942944201751374,positivo,False
Convolvulaceae,Plantago,0.9318187122780596,-0.012824447405993061,negativo,False
Convolvulaceae,Brassicaceae,0.19525012139876538,0.1753995604561858,positivo,False
Convolvulaceae,Saxifragaceae,0.48551954039274303,-0.09624242970477016,negativo,False
Convolvulaceae,Fabaceae,0.8942533668716912,0.016693873579914087,positivo,False
Convolvulaceae,Genista,0.988963372013574,-0.0018033532967001442,negativo,False
Convolvulaceae,Lotus type,0.4247034296551212,0.10798227756896323,positivo,False
Convolvulaceae,Trifolium type,0.6698975853692517,-0.058896513162676994,negativo,False
Convolvulaceae,Rosaceae,0.8229064131984897,-0.02489071320177183,negativo,False
Convolvulaceae,Boraginaceae,0.3595217237883517,1451456.311496599,positivo,False
Convolvulaceae,Sedum,0.7800872053185057,-0.026570288074408088,negativo,False
Convolvulaceae,Helianthemum,0.7879921941106881,0.045855893682719584,positivo,False
Convolvulaceae,Lamiaceae,0.720631195007015,0.05063504954765097,positivo,False
Convolvulaceae,Urticaceae,0.2646404742409153,0.15268198310323822,positivo,False
Convolvulaceae,Rumex,0.6176381854778359,-0.06932929285010464,negativo,False
Convolvulaceae,Berberidaceae,3.6317752220343546e-06,0.5648144631715089,positivo,True
Convolvulaceae,Euphorbiaceae,0.8910165738141782,-0.019230770503547975,negativo,False
Convolvulaceae,Primulaceae,0.12353025064354309,0.20554825005439148,positivo,False
Convolvulaceae,Scrophulariaceae,0.626916967436789,0.0675187949702261,positivo,False
Convolvulaceae,Papaver,0.014962476716384513,0.31190880553033423,positivo,True
Convolvulaceae,Campanulaceae,0.2235859369075551,0.16800220001328664,positivo,False
Convolvulaceae,Liliaceae,0.26275943666235924,0.1539917702664652,positivo,False
Convolvulaceae,Iridaceae,0.6721238341814275,-0.06002941544554594,negativo,False
Convolvulaceae,Crassulaceae,0.4655491286543296,-0.09927421159328795,negativo,False
Convolvulaceae,Ranunculaceae,0.8740799462913027,0.022523958009542655,positivo,False
Convolvulaceae,Cistaceae,0.7639442721505006,-0.041999656760989657,negativo,False
Convolvulaceae,Apiaceae,0.999583802616236,-7.197333942512985e-05,negativo,False
Convolvulaceae,Valerianaceae,0.7969898719496218,-0.031499726868736866,negativo,False
Convolvulaceae,Ranunculus,0.997748389117611,0.0003789165499193392,positivo,False
Liliaceae,Pinus,0.7589103930327591,-0.030656552503299128,negativo,False
Liliaceae,Juniperus,0.04309540818610737,-0.2664033668318903,negativo,True
Liliaceae,Taxus,0.6011551391420735,-0.07348529262147406,negativo,False
Liliaceae,Betula,0.014744939659463514,0.2909970510835902,positivo,True
Liliaceae,Corylus,0.32264955428884834,0.12922782346440026,positivo,False
Liliaceae,Salix,0.770887195168792,-0.04013521870529996,negativo,False
Liliaceae,Ulmus,0.03248476112430698,-0.2507455034806752,negativo,True
Liliaceae,Populus,0.6568027147259791,0.06512666839312606,positivo,False
Liliaceae,Acer,0.38425767690773704,-0.1263265076224137,negativo,False
Liliaceae,Fraxinus,0.3721005675870972,-0.12561234565446106,negativo,False
Liliaceae,Tilia,0.8474659373675707,-0.02654092498882016,negativo,False
Liliaceae,Juglans,0.34892213525913973,0.1320548411712958,positivo,False
Liliaceae,Pistacia,0.46623297843356537,0.08829064023611505,positivo,False
Liliaceae,Rhamnus,0.8750111144402098,-0.02215751681425654,negativo,False
Liliaceae,Buxus,0.5005038315021715,0.09532122505706389,positivo,False
Liliaceae,Sambucus,0.8881600033926055,-0.019877755709318615,negativo,False
Liliaceae,Viburnum,0.9465880816117335,0.009444197296854556,positivo,False
Liliaceae,Tamarix,0.09475917933080158,-0.2260030506277989,negativo,False
Liliaceae,Thymelaeaceae,0.8040967248432102,-0.03512166226611741,negativo,False
Liliaceae,Ephedra distachya,0.0004510386571545298,0.4377466405084968,positivo,True
Liliaceae,Ephedra fragilis,0.02885413002891023,0.2962921026234856,positivo,True
Liliaceae,Ericaceae,0.6701123173519441,-0.05967922174492262,negativo,False
Liliaceae,Hereda helix,0.8836054258627614,0.020938118016002046,positivo,False
Liliaceae,Lonicera,0.24300879628408556,-0.16449059113030973,negativo,False
Liliaceae,Oleaceae,0.964959309365384,0.006310245046295196,positivo,False
Liliaceae,Myrtus,0.7221681806503389,0.05105429548802798,positivo,False
Liliaceae,Poaceae,0.7405626460215264,0.046129487103259786,positivo,False
Liliaceae,Artemisia,0.4147658030557231,0.08283255415474233,positivo,False
Liliaceae,Cichorioideae,0.24064363508043338,0.12934934092562006,positivo,False
Liliaceae,Asteroideae,0.3450846107177371,0.1312543112634759,positivo,False
Liliaceae,Cardueae,0.010530019746815913,0.34486909596313653,positivo,True
Liliaceae,Rubiaceae,0.4423870861543733,0.1033679593060007,positivo,False
Liliaceae,Centaurea,0.638748806307041,0.066123537248165,positivo,False
Liliaceae,Chenopodiaceae,0.6615762394195586,0.06271189382640383,positivo,False
Liliaceae,Caryophyllaceae,0.1109646194715147,-0.20773405359637098,negativo,False
Liliaceae,Plantago,0.9150389201911522,-0.015429202072547457,negativo,False
Liliaceae,Brassicaceae,0.21558462866965142,0.17023929002243693,positivo,False
Liliaceae,Saxifragaceae,0.5411085458706418,-0.08534404679558953,negativo,False
Liliaceae,Fabaceae,0.9603983155126985,0.0063855457218665035,positivo,False
Liliaceae,Genista,0.3224377407897415,0.12970963688743742,positivo,False
Liliaceae,Lotus type,0.08334665147580755,0.2335165502607919,positivo,False
Liliaceae,Trifolium type,0.4144496076639439,0.11225712799700356,positivo,False
Liliaceae,Rosaceae,0.14593364218945795,0.16200226856626176,positivo,False
Liliaceae,Boraginaceae,0.9229496383658032,0.013842862304254452,positivo,False
Liliaceae,Sedum,0.16329273213939752,0.1351648046344064,positivo,False
Liliaceae,Helianthemum,0.7256086027719194,0.04720617422986795,positivo,False
Liliaceae,Lamiaceae,0.8772950715312096,0.021991613667805828,positivo,False
Liliaceae,Urticaceae,0.8128520083644547,-0.03263813122932416,negativo,False
Liliaceae,Rumex,0.20123463156385163,-0.18084356637468293,negativo,False
Liliaceae,Berberidaceae,0.22805898418710283,0.1686768878119658,positivo,False
Liliaceae,Euphorbiaceae,0.3115395179751402,-0.1429574311625092,negativo,False
Liliaceae,Primulaceae,0.23794007465831013,0.15939059170939135,positivo,False
Liliaceae,Scrophulariaceae,0.3729651984028306,-0.1281469679905515,negativo,False
Liliaceae,Papaver,0.17388674061370657,-0.18132333101694822,negativo,False
Liliaceae,Campanulaceae,0.7608777982904746,-0.042708000920884504,negativo,False
Liliaceae,Convolvulaceae,0.922949571119142,0.013842874406990587,positivo,False
Liliaceae,Iridaceae,0.480300379644895,0.09986453083615886,positivo,False
Liliaceae,Crassulaceae,0.8391979095714354,0.02807797261965533,positivo,False
Liliaceae,Ranunculaceae,0.6798237401556879,0.058296523418475944,positivo,False
Liliaceae,Cistaceae,0.42156256179835283,-0.11754423577685646,negativo,False
Liliaceae,Apiaceae,0.5173082788626093,0.09172057722623106,positivo,False
Liliaceae,Valerianaceae,0.5791019645291818,-0.06941118694845695,negativo,False
Liliaceae,Ranunculus,0.10377676752103833,-0.21691696477764397,negativo,False
Iridaceae,Pinus,0.3677752607792315,-0.09858240480947245,negativo,False
Iridaceae,Juniperus,0.3876902956821465,0.11528984703203699,positivo,False
Iridaceae,Taxus,0.3333784048493311,-0.13519265649000553,negativo,False
Iridaceae,Betula,0.5990712031225676,-0.06544651640483545,negativo,False
Iridaceae,Corylus,0.39808702938164686,-0.10970465930855428,negativo,False
Iridaceae,Salix,0.57112747277695,0.07686448299551021,positivo,False
Iridaceae,Ulmus,0.7674656146012888,-0.03554696813856384,negativo,False
Iridaceae,Populus,0.536850563946476,-0.08665083509515122,negativo,False
Iridaceae,Acer,0.9044904763489184,-0.01680254422539238,negativo,False
Iridaceae,Fraxinus,0.44125228040067677,0.1079627904839904,positivo,False
Iridaceae,Tilia,0.4919583251576408,-0.09307129820973381,negativo,False
Iridaceae,Juglans,0.49068328966921704,-0.0964444081573371,negativo,False
Iridaceae,Pistacia,0.6082266732701634,-0.06174465177318168,negativo,False
Iridaceae,Rhamnus,0.3082395269130237,-0.14142519334860304,negativo,False
Iridaceae,Buxus,0.705333594074926,-0.05314496870734832,negativo,False
Iridaceae,Sambucus,0.17613424497760513,0.18604612307198726,positivo,False
Iridaceae,Viburnum,0.2900817148793923,0.1582530566802512,positivo,False
Iridaceae,Tamarix,0.3342703783854225,-0.12821492615508073,negativo,False
Iridaceae,Thymelaeaceae,0.5809485906504593,-0.07754102333030152,negativo,False
Iridaceae,Ephedra distachya,0.1956869792657346,0.17630315431061544,positivo,False
Iridaceae,Ephedra fragilis,0.9333576441185687,0.011649372233083169,positivo,False
Iridaceae,Ericaceae,0.25554699134684666,-0.15678294316858687,negativo,False
Iridaceae,Hereda helix,0.3988595688373795,-0.11744761255520111,negativo,False
Iridaceae,Lonicera,0.8621656738594135,0.024506836691122955,positivo,False
Iridaceae,Oleaceae,0.6758071300925927,-0.05772581336475913,negativo,False
Iridaceae,Myrtus,0.4369973730250334,-0.10897497390084232,negativo,False
Iridaceae,Poaceae,0.4654483179304242,0.10062124467257201,positivo,False
Iridaceae,Artemisia,0.5109576152643232,-0.0673953328160348,negativo,False
Iridaceae,Cichorioideae,0.3170550232196402,-0.11482768064760362,negativo,False
Iridaceae,Asteroideae,0.38958432874064086,-0.12122279932719564,negativo,False
Iridaceae,Cardueae,0.47896118356884765,-0.09742848847793648,negativo,False
Iridaceae,Rubiaceae,0.5166347913872382,0.08677012568750435,positivo,False
Iridaceae,Centaurea,0.39148043400631727,-0.13248902156201764,negativo,False
Iridaceae,Chenopodiaceae,0.3097836328531624,-0.14052660059192149,negativo,False
Iridaceae,Caryophyllaceae,0.5264681746914899,-0.08308042042123515,negativo,False
Iridaceae,Plantago,0.46504604222789747,-0.1019732057991175,negativo,False
Iridaceae,Brassicaceae,0.17450734810815727,-0.18390313810535652,negativo,False
Iridaceae,Saxifragaceae,0.1932580646407078,-0.1825908772828869,negativo,False
Iridaceae,Fabaceae,0.8824867491382973,-0.018585973911545137,negativo,False
Iridaceae,Genista,0.30593059609240647,-0.1328181976437802,negativo,False
Iridaceae,Lotus type,0.5026787024002457,-0.0910253047542478,negativo,False
Iridaceae,Trifolium type,0.3997895944783064,-0.11489508437429213,negativo,False
Iridaceae,Rosaceae,0.48090807039248606,-0.07827950117772564,negativo,False
Iridaceae,Boraginaceae,0.7238621462309432,-0.050274625331841245,negativo,False
Iridaceae,Sedum,0.6776429034961235,-0.039704658618041344,negativo,False
Iridaceae,Helianthemum,0.984635654322138,0.002589545868448395,positivo,False
Iridaceae,Lamiaceae,0.22025443147235568,0.17060134387083864,positivo,False
Iridaceae,Urticaceae,0.08812562527519771,-0.23647244529148165,negativo,False
Iridaceae,Rumex,0.5816320954188368,-0.07694096938927875,negativo,False
Iridaceae,Berberidaceae,0.8303253049920402,0.03016737560971163,positivo,False
Iridaceae,Euphorbiaceae,0.7053335378394633,-0.05314497926319545,negativo,False
Iridaceae,Primulaceae,0.9427900805626631,-0.009811704911648761,negativo,False
Iridaceae,Scrophulariaceae,0.019929374060708528,0.3090199751656209,positivo,True
Iridaceae,Papaver,0.5653103918737545,-0.07694428527281401,negativo,False
Iridaceae,Campanulaceae,0.0065949448809418726,0.36434415626692507,positivo,True
Iridaceae,Convolvulaceae,0.7238621372737484,-0.05027462714455133,negativo,False
Iridaceae,Liliaceae,0.6111332360788715,-0.07007306572776745,negativo,False
Iridaceae,Crassulaceae,0.381777291990277,-0.11954972864879199,negativo,False
Iridaceae,Ranunculaceae,0.22894457406959817,0.16888880228180472,positivo,False
Iridaceae,Cistaceae,0.9235713702439404,0.013520362987900901,positivo,False
Iridaceae,Apiaceae,0.6392640423450466,-0.06544787612996555,negativo,False
Iridaceae,Valerianaceae,0.6020772726501699,-0.06774832162913337,negativo,False
Iridaceae,Ranunculus,0.27172282649981133,-0.14725973643398396,negativo,False
Crassulaceae,Pinus,0.8703261656463089,0.01705100792227232,positivo,False
Crassulaceae,Juniperus,0.5178867454076127,-0.08796927746302433,negativo,False
Crassulaceae,Taxus,0.16153391598786568,0.19307327058216317,positivo,False
Crassulaceae,Betula,0.7560504747474355,0.03934399175739273,positivo,False
Crassulaceae,Corylus,0.22034698777534714,-0.15950745398280558,negativo,False
Crassulaceae,Salix,0.2822973205995493,-0.1470349319991711,negativo,False
Crassulaceae,Ulmus,0.8930111452962131,-0.016273067753626136,negativo,False
Crassulaceae,Populus,0.5654351281139229,-0.08174726937367646,negativo,False
Crassulaceae,Acer,0.0404794065734695,0.2783200383542924,positivo,True
Crassulaceae,Fraxinus,0.5295560905119818,-0.08766451797542989,negativo,False
Crassulaceae,Tilia,0.038149827254875444,0.27370516460049704,positivo,True
Crassulaceae,Juglans,0.5186012835857509,-0.09011060437070827,negativo,False
Crassulaceae,Pistacia,0.5215725432337863,-0.07911196795803314,negativo,False
Crassulaceae,Rhamnus,0.6589417451015835,0.06202911004409936,positivo,False
Crassulaceae,Buxus,0.9716751856011984,0.005021166398662846,positivo,False
Crassulaceae,Sambucus,0.6997311942865387,-0.05391219802422538,negativo,False
Crassulaceae,Viburnum,0.38458545822563384,-0.12153156335548342,negativo,False
Crassulaceae,Tamarix,0.3239426258650535,-0.1313129778942959,negativo,False
Crassulaceae,Thymelaeaceae,0.5355824461031314,-0.08692432260367634,negativo,False
Crassulaceae,Ephedra distachya,0.4325429243634593,0.10624852577693597,positivo,False
Crassulaceae,Ephedra fragilis,0.7609554982553752,-0.042221311550045784,negativo,False
Crassulaceae,Ericaceae,0.885453041819346,0.01999917062686732,positivo,False
Crassulaceae,Hereda helix,0.5716895586604391,0.07923978477359703,positivo,False
Crassulaceae,Lonicera,0.14794530852300558,-0.20207651330155246,negativo,False
Crassulaceae,Oleaceae,0.11596924066753271,-0.2131101689768063,negativo,False
Crassulaceae,Myrtus,0.4607568926486668,0.10524900881402452,positivo,False
Crassulaceae,Poaceae,0.30234347297220854,0.14482650598451238,positivo,False
Crassulaceae,Artemisia,0.7219133243141787,-0.0357485163598934,negativo,False
Crassulaceae,Cichorioideae,0.6731530774747052,-0.04568968666236395,negativo,False
Crassulaceae,Asteroideae,0.5873084895494178,0.0788077498389388,positivo,False
Crassulaceae,Cardueae,0.3959028110355961,0.1169974412341426,positivo,False
Crassulaceae,Rubiaceae,0.5767442067973867,-0.07437972413904355,negativo,False
Crassulaceae,Centaurea,0.027130152049570515,-0.2995999885153484,negativo,True
Crassulaceae,Chenopodiaceae,0.506936291810349,0.0929164426321464,positivo,False
Crassulaceae,Caryophyllaceae,0.5365900543653985,-0.08143943040178633,negativo,False
Crassulaceae,Plantago,0.9002768128097302,-0.017600587844701414,negativo,False
Crassulaceae,Brassicaceae,0.28207816876589126,-0.19128391139147793,negativo,False
Crassulaceae,Saxifragaceae,0.6694521090863217,-0.059242550152122424,negativo,False
Crassulaceae,Fabaceae,0.5587657067790466,0.07395072460230985,positivo,False
Crassulaceae,Genista,0.03952859836380841,0.2594379606706726,positivo,True
Crassulaceae,Lotus type,0.601699478797812,-0.07080709983797082,negativo,False
Crassulaceae,Trifolium type,0.5911334262923009,-0.07416805543824884,negativo,False
Crassulaceae,Rosaceae,0.8829127723867217,-0.016387164589793446,negativo,False
Crassulaceae,Boraginaceae,0.9716751999146535,0.005021163876952298,positivo,False
Crassulaceae,Sedum,0.44650359093510705,0.07258240452820242,positivo,False
Crassulaceae,Helianthemum,0.9781301897048236,-0.003731630080762882,negativo,False
Crassulaceae,Lamiaceae,0.7906404800856813,-0.03784180369405629,negativo,False
Crassulaceae,Urticaceae,0.5999339443184608,-0.07181365500903658,negativo,False
Crassulaceae,Rumex,0.9278413293749552,0.012584261080103548,positivo,False
Crassulaceae,Berberidaceae,0.9610596083790841,0.006874471535662015,positivo,False
Crassulaceae,Euphorbiaceae,0.37563321028079977,-0.1236127966788245,negativo,False
Crassulaceae,Primulaceae,0.0028706759908885444,0.40890127662506087,positivo,True
Crassulaceae,Scrophulariaceae,0.11025211046978997,-0.22067353266906947,negativo,False
Crassulaceae,Papaver,0.14620637301314204,-0.1909638043786605,negativo,False
Crassulaceae,Campanulaceae,0.2360915018337253,0.16698051549229143,positivo,False
Crassulaceae,Convolvulaceae,0.971675220411807,0.005021160237427505,positivo,False
Crassulaceae,Liliaceae,0.12522915682581517,-0.20942577127355366,negativo,False
Crassulaceae,Iridaceae,0.12361354994978536,-0.21478842685775634,negativo,False
Crassulaceae,Ranunculaceae,0.45119785199757345,0.11822562612443066,positivo,False
Crassulaceae,Cistaceae,0.4889298531959245,-0.09711978459531297,negativo,False
Crassulaceae,Apiaceae,0.08966425724510294,0.22999667967014276,positivo,False
Crassulaceae,Valerianaceae,0.6268487815482764,-0.05948504996128687,negativo,False
Crassulaceae,Ranunculus,0.22064557583753305,0.16263701918370566,positivo,False
Ranunculaceae,Pinus,0.6831596694052572,0.04196477118227837,positivo,False
Ranunculaceae,Juniperus,0.5806629038834163,-0.08367917611491518,negativo,False
Ranunculaceae,Taxus,0.3131364759535993,0.13968885086396576,positivo,False
Ranunculaceae,Betula,0.7557934382898847,0.039533131347233075,positivo,False
Ranunculaceae,Corylus,0.7272841888745398,0.045660895692855696,positivo,False
Ranunculaceae,Salix,0.47160650176737484,-0.09739658164390169,negativo,False
Ranunculaceae,Ulmus,0.6093721231445259,-0.06123065452148968,negativo,False
Ranunculaceae,Populus,0.3960952811421845,-0.12270208955812727,negativo,False
Ranunculaceae,Acer,0.509947035667859,0.09194192136444737,positivo,False
Ranunculaceae,Fraxinus,0.04846914967824154,-0.2761033576149155,negativo,True
Ranunculaceae,Tilia,0.5901538949422899,0.07293708876155514,positivo,False
Ranunculaceae,Juglans,0.962555273543324,0.006595628001410156,positivo,False
Ranunculaceae,Pistacia,0.2840315715312369,-0.13023075690284805,negativo,False
Ranunculaceae,Rhamnus,0.23630125096167798,0.1749126098646604,positivo,False
Ranunculaceae,Buxus,0.9536452006612668,-0.008352187029914922,negativo,False
Ranunculaceae,Sambucus,0.4841614938822407,-0.09715581604062365,negativo,False
Ranunculaceae,Viburnum,0.8723949487239262,0.022400711483528554,positivo,False
Ranunculaceae,Tamarix,0.027755526895795954,-0.28548682976669265,negativo,True
Ranunculaceae,Thymelaeaceae,0.2495727897651564,-0.16041353318665624,negativo,False
Ranunculaceae,Ephedra distachya,0.3884226385188774,0.11596922520489786,positivo,False
Ranunculaceae,Ephedra fragilis,0.42960630269718747,0.10925670077301515,positivo,False
Ranunculaceae,Ericaceae,0.6459638997122465,0.06358470197067864,positivo,False
Ranunculaceae,Hereda helix,0.8581272853419817,0.025994006745694728,positivo,False
Ranunculaceae,Lonicera,0.7041601103362449,-0.05374039706650846,negativo,False
Ranunculaceae,Oleaceae,0.8440760818058206,-0.027391592175202248,negativo,False
Ranunculaceae,Myrtus,0.13504678135004863,0.21390465502288378,positivo,False
Ranunculaceae,Poaceae,0.3961058905668935,0.12091050241985614,positivo,False
Ranunculaceae,Artemisia,0.6699426662831274,-0.04279780990152421,negativo,False
Ranunculaceae,Cichorioideae,0.3614348679575514,-0.09835893008962182,negativo,False
Ranunculaceae,Asteroideae,0.5125528148068621,0.0932839208148954,positivo,False
Ranunculaceae,Cardueae,0.5241484108809342,0.08706767593334769,positivo,False
Ranunculaceae,Rubiaceae,0.16114565323753324,-0.18467432542860537,negativo,False
Ranunculaceae,Centaurea,0.9442579777352125,0.009764287691486448,positivo,False
Ranunculaceae,Chenopodiaceae,0.41216174688519247,0.11341017099585693,positivo,False
Ranunculaceae,Caryophyllaceae,0.9890419317376443,-0.0018136365662788367,negativo,False
Ranunculaceae,Plantago,0.025534428000783663,0.3017153160940581,positivo,True
Ranunculaceae,Brassicaceae,0.503604737585237,0.1065963705753275,positivo,False
Ranunculaceae,Saxifragaceae,0.5898823133414073,-0.0761807128930986,negativo,False
Ranunculaceae,Fabaceae,0.4659519597384383,0.09166055428193162,positivo,False
Ranunculaceae,Genista,0.3557767803270647,0.1191713257977029,positivo,False
Ranunculaceae,Lotus type,0.8123957409282366,0.03229446501101013,positivo,False
Ranunculaceae,Trifolium type,0.7847775037274866,0.042222187924506466,positivo,False
Ranunculaceae,Rosaceae,0.7115905689044607,-0.04140366105942517,negativo,False
Ranunculaceae,Boraginaceae,0.743493679650411,0.04698096957990844,positivo,False
Ranunculaceae,Sedum,0.9067880834262646,0.011284152143311577,positivo,False
Ranunculaceae,Helianthemum,0.9129784109328609,-0.014649512012564647,negativo,False
Ranunculaceae,Lamiaceae,0.8918564400496485,-0.02027272932854088,negativo,False
Ranunculaceae,Urticaceae,0.6843798109715027,0.05551100272160581,positivo,False
Ranunculaceae,Rumex,0.4766415784148301,0.10241002022174708,positivo,False
Ranunculaceae,Berberidaceae,0.8423389625404971,-0.028308857082133577,negativo,False
Ranunculaceae,Euphorbiaceae,0.11873058408905585,-0.21508371017057099,negativo,False
Ranunculaceae,Primulaceae,0.11891512496086229,0.22436140424946727,positivo,False
Ranunculaceae,Scrophulariaceae,0.9451711101541446,0.010102856251461949,positivo,False
Ranunculaceae,Papaver,0.027994024856266342,-0.28434361732222413,negativo,True
Ranunculaceae,Campanulaceae,0.8622881565703945,0.02458287326643395,positivo,False
Ranunculaceae,Convolvulaceae,0.743493827013636,0.04698094136955664,positivo,False
Ranunculaceae,Liliaceae,0.13667542657329715,-0.20298166665733192,negativo,False
Ranunculaceae,Iridaceae,0.610443617636107,-0.07270727545870534,negativo,False
Ranunculaceae,Crassulaceae,0.35620658757307333,0.14103672667802356,positivo,False
Ranunculaceae,Cistaceae,0.15960782204573984,0.19542977994300098,positivo,False
Ranunculaceae,Apiaceae,0.08920349293284793,0.24997653024943892,positivo,False
Ranunculaceae,Valerianaceae,0.5165263438179786,-0.08012272920094263,negativo,False
Ranunculaceae,Ranunculus,0.007117753563936819,0.34523911663690093,positivo,True
Cistaceae,Pinus,0.255756414307466,-0.11152486950922047,negativo,False
Cistaceae,Juniperus,0.3011181213837148,-0.14098485903025354,negativo,False
Cistaceae,Taxus,0.4723179351860086,-0.10036969629926071,negativo,False
Cistaceae,Betula,0.3771635608827013,0.1077572918853266,positivo,False
Cistaceae,Corylus,0.030048956442613826,0.2740634393790339,positivo,True
Cistaceae,Salix,0.19686267425451842,0.17437131030110004,positivo,False
Cistaceae,Ulmus,0.09215722297581651,-0.2065219348244019,negativo,False
Cistaceae,Populus,0.46011513649514924,-0.10363664005078073,negativo,False
Cistaceae,Acer,0.3644673723139723,-0.12571702153938366,negativo,False
Cistaceae,Fraxinus,0.5344426438244851,-0.08695653216800486,negativo,False
Cistaceae,Tilia,0.4770780021237412,-0.09638207897624484,negativo,False
Cistaceae,Juglans,0.6329516007282928,-0.06731636917907878,negativo,False
Cistaceae,Pistacia,0.7199210305958446,0.043774185907032415,positivo,False
Cistaceae,Rhamnus,0.42799314982263637,-0.1104462803601316,negativo,False
Cistaceae,Buxus,0.7776156613589089,-0.039666364957272125,negativo,False
Cistaceae,Sambucus,0.5785771900263479,-0.0787553977261628,negativo,False
Cistaceae,Viburnum,0.5651336331124981,-0.08029575805194124,negativo,False
Cistaceae,Tamarix,0.9590926114039104,-0.006907687019404363,negativo,False
Cistaceae,Thymelaeaceae,0.6804739232303625,-0.05780306664039429,negativo,False
Cistaceae,Ephedra distachya,0.04648743935760592,0.26077866454104287,positivo,True
Cistaceae,Ephedra fragilis,0.07452772061683553,0.2448667080788057,positivo,False
Cistaceae,Ericaceae,0.23529487667325044,-0.16542156108751158,negativo,False
Cistaceae,Hereda helix,0.5027521831523374,-0.09370532033487955,negativo,False
Cistaceae,Lonicera,0.41124851796064565,-0.11488708505747894,negativo,False
Cistaceae,Oleaceae,0.098117775172126,-0.23803902157865894,negativo,False
Cistaceae,Myrtus,0.6329516077126739,-0.06731636776553433,negativo,False
Cistaceae,Poaceae,0.2344611772589673,0.16388989931597056,positivo,False
Cistaceae,Artemisia,0.851566046709654,-0.018843886712741426,negativo,False
Cistaceae,Cichorioideae,0.9009192843703446,0.01346906641052048,positivo,False
Cistaceae,Asteroideae,0.810064245411283,-0.03317204788338657,negativo,False
Cistaceae,Cardueae,0.05196094711492237,0.2611770014604511,positivo,False
Cistaceae,Rubiaceae,0.04052955560589453,0.26741489188262224,positivo,True
Cistaceae,Centaurea,0.49689230397547546,-0.0951021646850145,negativo,False
Cistaceae,Chenopodiaceae,0.2682590637681272,0.15216290035721705,positivo,False
Cistaceae,Caryophyllaceae,0.501330729392856,0.08901414062522685,positivo,False
Cistaceae,Plantago,0.6945850508487735,-0.05820406825506,negativo,False
Cistaceae,Brassicaceae,0.9807172191712413,0.003315321557887857,positivo,False
Cistaceae,Saxifragaceae,0.6295853492045351,-0.06809111291339615,negativo,False
Cistaceae,Fabaceae,0.7021785487241501,-0.04800279341788703,negativo,False
Cistaceae,Genista,0.3852854140706383,-0.11381871189119677,negativo,False
Cistaceae,Lotus type,0.009970522876371292,0.33451554896932706,positivo,True
Cistaceae,Trifolium type,0.7962038937816643,0.03618645808652762,positivo,False
Cistaceae,Rosaceae,0.1416602122603068,0.16101423809110832,positivo,False
Cistaceae,Boraginaceae,0.7776158097434023,-0.03966633778281493,negativo,False
Cistaceae,Sedum,0.10786027900417006,0.1501322792840561,positivo,False
Cistaceae,Helianthemum,0.5958031986371801,-0.07068619835445789,negativo,False
Cistaceae,Lamiaceae,0.814684557891524,0.0324655336719844,positivo,False
Cistaceae,Urticaceae,0.25343441525547744,0.15646907356747675,positivo,False
Cistaceae,Rumex,0.06456568170114657,0.25256302510394996,positivo,False
Cistaceae,Berberidaceae,0.08445403626737326,0.2372244999127659,positivo,False
Cistaceae,Euphorbiaceae,0.7776158740068148,-0.03966632603310391,negativo,False
Cistaceae,Primulaceae,0.5762051745501118,0.0752857697557581,positivo,False
Cistaceae,Scrophulariaceae,0.09316269787402347,0.2280221632413154,positivo,False
Cistaceae,Papaver,0.5879663465395017,0.07276457961371191,positivo,False
Cistaceae,Campanulaceae,0.2500998198978375,-0.15866381259277235,negativo,False
Cistaceae,Convolvulaceae,0.7776157959774803,-0.039666340318107625,negativo,False
Cistaceae,Liliaceae,0.5139338646001272,-0.09308893464327392,negativo,False
Cistaceae,Iridaceae,0.9973061037407753,-0.0004764644240474146,negativo,False
Cistaceae,Crassulaceae,0.4329283922744336,0.10662580975387742,positivo,False
Cistaceae,Ranunculaceae,0.643764575248416,0.06466414436342219,positivo,False
Cistaceae,Apiaceae,0.3015385216346417,0.14141672378690825,positivo,False
Cistaceae,Valerianaceae,0.5948295384439162,-0.06521738002058958,negativo,False
Cistaceae,Ranunculus,0.11938177994486993,-0.20791234945342937,negativo,False
Apiaceae,Pinus,0.9137462557871889,-0.011894011709349894,negativo,False
Apiaceae,Juniperus,0.7079406726413257,-0.053073252306015034,negativo,False
Apiaceae,Taxus,0.13754097852610478,0.20667971235069274,positivo,False
Apiaceae,Betula,0.6020822824779397,0.0717360966969724,positivo,False
Apiaceae,Corylus,0.2226968178313756,0.1732211790383405,positivo,False
Apiaceae,Salix,0.6584327181052881,0.060977276164078,positivo,False
Apiaceae,Ulmus,0.2637248290252255,0.1341837779388714,positivo,False
Apiaceae,Populus,0.2580156091718429,0.15872329220488174,positivo,False
Apiaceae,Acer,0.8553525508952738,-0.02567521607923748,negativo,False
Apiaceae,Fraxinus,0.48334496469223076,-0.09990055669319971,negativo,False
Apiaceae,Tilia,0.3408126864337604,0.13137410037386651,positivo,False
Apiaceae,Juglans,0.8934046837120838,0.01893538826136064,positivo,False
Apiaceae,Pistacia,0.9736260265902279,0.004023395814875361,positivo,False
Apiaceae,Rhamnus,0.009671177320902174,0.3478766564911851,positivo,True
Apiaceae,Buxus,0.33318418463093324,-0.13724936816483016,negativo,False
Apiaceae,Sambucus,0.05178374899565371,-0.2684573982565608,negativo,False
Apiaceae,Viburnum,0.3622870349059154,-0.12811928159417973,negativo,False
Apiaceae,Tamarix,0.8215509197018299,0.03038972274262404,positivo,False
Apiaceae,Thymelaeaceae,0.5266275665666551,-0.08974774095206314,negativo,False
Apiaceae,Ephedra distachya,0.6970593343199228,0.05378746506752409,positivo,False
Apiaceae,Ephedra fragilis,0.3930609495830144,-0.12096318432239608,negativo,False
Apiaceae,Ericaceae,0.5590817388657809,-0.08458461062647307,negativo,False
Apiaceae,Hereda helix,0.351755041925344,0.13076708191669958,positivo,False
Apiaceae,Lonicera,0.7669110204582422,0.04221510832292549,positivo,False
Apiaceae,Oleaceae,0.7897301125508089,-0.037450778709730834,negativo,False
Apiaceae,Myrtus,0.06452867188026608,0.25529697650032457,positivo,False
Apiaceae,Poaceae,0.7423078212421622,0.04979305656005903,positivo,False
Apiaceae,Artemisia,0.35487709246692434,-0.09454674662973725,negativo,False
Apiaceae,Cichorioideae,0.693873662249102,-0.042888704702701286,negativo,False
Apiaceae,Asteroideae,0.6494961342343478,0.06611281219615589,positivo,False
Apiaceae,Cardueae,0.676683874332358,0.059805710043513954,positivo,False
Apiaceae,Rubiaceae,0.9206690102453713,-0.013592877949883425,negativo,False
Apiaceae,Centaurea,0.43556084083211954,0.11022197045242496,positivo,False
Apiaceae,Chenopodiaceae,0.38222697046252674,0.12096039724715925,positivo,False
Apiaceae,Caryophyllaceae,0.9737489871127594,-0.00465834503940149,negativo,False
Apiaceae,Plantago,0.49455900669908326,0.09625605679605653,positivo,False
Apiaceae,Brassicaceae,0.3455746890385969,0.1325352858365831,positivo,False
Apiaceae,Saxifragaceae,0.7192146641585495,0.050837574789507435,positivo,False
Apiaceae,Fabaceae,0.4182088992874329,0.10261351014279907,positivo,False
Apiaceae,Genista,0.10405092936097124,0.21244969366730854,positivo,False
Apiaceae,Lotus type,0.6924492214429694,-0.05803947340840307,negativo,False
Apiaceae,Trifolium type,0.6016192808713436,-0.10151112569748512,negativo,False
Apiaceae,Rosaceae,0.5214975365839637,-0.08381148272883909,negativo,False
Apiaceae,Boraginaceae,0.5394849357391038,-0.08672218286820246,negativo,False
Apiaceae,Sedum,0.6911693439457085,-0.04588400679304147,negativo,False
Apiaceae,Helianthemum,0.049494476635199305,-0.2864118806893413,negativo,True
Apiaceae,Lamiaceae,0.7316834837333978,-0.04799613752840359,negativo,False
Apiaceae,Urticaceae,8.821141428140841e-05,0.49113009927419443,positivo,True
Apiaceae,Rumex,0.008839067088494187,0.34967273257776643,positivo,True
Apiaceae,Berberidaceae,0.7160643394498061,-0.06050495446801652,negativo,False
Apiaceae,Euphorbiaceae,0.5204328320278279,0.09149958457446677,positivo,False
Apiaceae,Primulaceae,0.5089189578844122,0.10214532832384937,positivo,False
Apiaceae,Scrophulariaceae,0.3275751714197047,0.13525777118086668,positivo,False
Apiaceae,Papaver,0.8011893515870785,0.03420158702491062,positivo,False
Apiaceae,Campanulaceae,0.42372184268513147,-0.11177972453805166,negativo,False
Apiaceae,Convolvulaceae,0.5394849418042771,-0.08672218158655247,negativo,False
Apiaceae,Liliaceae,0.6699110127448282,-0.060239692887143655,negativo,False
Apiaceae,Iridaceae,0.8063912686693679,-0.03509121958532974,negativo,False
Apiaceae,Crassulaceae,0.4619087871613159,0.10059187474153465,positivo,False
Apiaceae,Ranunculaceae,0.4592206225568788,-0.1125088710868757,negativo,False
Apiaceae,Cistaceae,0.16632234009683664,0.192615084960142,positivo,False
Apiaceae,Valerianaceae,0.9317576769704703,-0.012719411905452036,negativo,False
Apiaceae,Ranunculus,0.0003064516499811408,0.4499799844441134,positivo,True
Valerianaceae,Pinus,0.6013970779256679,-0.051649985429788825,negativo,False
Valerianaceae,Juniperus,0.37583299373781953,0.12244316394721094,positivo,False
Valerianaceae,Taxus,0.2953063877499198,0.14553604204785953,positivo,False
Valerianaceae,Betula,0.6322407458844658,-0.05909430069294952,negativo,False
Valerianaceae,Corylus,0.8824625406842419,-0.020225977764421588,negativo,False
Valerianaceae,Salix,0.9041111233033283,0.016759927991567586,positivo,False
Valerianaceae,Ulmus,0.7629408139781718,0.03625567708328925,positivo,False
Valerianaceae,Populus,0.42567278086947713,0.11178319907796788,positivo,False
Valerianaceae,Acer,0.4369128434257695,-0.10864094820302737,negativo,False
Valerianaceae,Fraxinus,0.636579631712483,-0.06722688309814043,negativo,False
Valerianaceae,Tilia,0.69205905657827,0.05382675769176565,positivo,False
Valerianaceae,Juglans,0.5627824805118162,-0.0810678226941787,negativo,False
Valerianaceae,Pistacia,0.28558010301411135,-0.12889113061401736,negativo,False
Valerianaceae,Rhamnus,0.06414206809929085,0.25280722075787404,positivo,False
Valerianaceae,Buxus,0.7776157483522408,-0.039666349013787225,negativo,False
Valerianaceae,Sambucus,0.40179943754747793,-0.11663907239186061,negativo,False
Valerianaceae,Viburnum,0.42857022491735486,-0.11113167953827699,negativo,False
Valerianaceae,Tamarix,0.38410916991934363,-0.11570337256722489,negativo,False
Valerianaceae,Thymelaeaceae,0.7450084749017449,-0.048113524142360004,negativo,False
Valerianaceae,Ephedra distachya,0.0395169652758603,0.27699368875153085,positivo,True
Valerianaceae,Ephedra fragilis,0.6110083682657863,-0.07064322186028146,negativo,False
Valerianaceae,Ericaceae,0.9920032355766463,-0.0014114429275921825,negativo,False
Valerianaceae,Hereda helix,0.4762442985273144,0.09956190521544404,positivo,False
Valerianaceae,Lonicera,0.005023533330571799,0.3748163043297169,positivo,True
Valerianaceae,Oleaceae,0.673268361047739,-0.05897115912899019,negativo,False
Valerianaceae,Myrtus,0.3770457821715337,0.12333890486867298,positivo,False
Valerianaceae,Poaceae,0.8082121612009155,0.03758564185712317,positivo,False
Valerianaceae,Artemisia,0.12220852637127178,-0.15688285060201101,negativo,False
Valerianaceae,Cichorioideae,0.6572605316892857,-0.048664371576771004,negativo,False
Valerianaceae,Asteroideae,0.5323434619527199,-0.08597322959937193,negativo,False
Valerianaceae,Cardueae,0.5889955576827453,-0.07743036031765152,negativo,False
Valerianaceae,Rubiaceae,0.40549330700447206,-0.11094558767977573,negativo,False
Valerianaceae,Centaurea,0.34733715794173003,-0.13458449872804784,negativo,False
Valerianaceae,Chenopodiaceae,0.3703324161010556,0.1255401574544288,positivo,False
Valerianaceae,Caryophyllaceae,0.7488048667952042,0.04517568936435959,positivo,False
Valerianaceae,Plantago,0.5627824757861468,-0.08106782368250551,negativo,False
Valerianaceae,Brassicaceae,0.39392275253835907,-0.11738573206471024,negativo,False
Valerianaceae,Saxifragaceae,0.3339626215937599,-0.13410342293759714,negativo,False
Valerianaceae,Fabaceae,0.671481194017575,0.05331241941462753,positivo,False
Valerianaceae,Genista,0.8259483752405323,0.02869422358829915,positivo,False
Valerianaceae,Lotus type,0.5132606455698676,-0.08995513184789905,negativo,False
Valerianaceae,Trifolium type,0.39995465543351305,-0.1275490544890575,negativo,False
Valerianaceae,Rosaceae,0.19561142010453586,-0.1677234504028119,negativo,False
Valerianaceae,Boraginaceae,0.7776156869611134,-0.039666360261400344,negativo,False
Valerianaceae,Sedum,0.4544000487879495,-0.09203368395576689,negativo,False
Valerianaceae,Helianthemum,0.4307622421018149,-0.1097267911667675,negativo,False
Valerianaceae,Lamiaceae,0.3187493220981495,0.13879963373819482,positivo,False
Valerianaceae,Urticaceae,0.12922527573648712,0.20341191063189323,positivo,False
Valerianaceae,Rumex,0.06456569063544118,0.25256301699717476,positivo,False
Valerianaceae,Berberidaceae,0.688458784644929,-0.057819644402055365,negativo,False
Valerianaceae,Euphorbiaceae,0.7776157935214767,-0.039666340785641255,negativo,False
Valerianaceae,Primulaceae,0.4121853914058796,-0.11487913130328303,negativo,False
Valerianaceae,Scrophulariaceae,0.36549182610053477,0.12596335860997862,positivo,False
Valerianaceae,Papaver,0.4088268383755478,-0.10994619772279125,negativo,False
Valerianaceae,Campanulaceae,0.4666594907812194,0.10229313901256562,positivo,False
Valerianaceae,Convolvulaceae,0.7776156749750375,-0.039666362471638676,negativo,False
Valerianaceae,Liliaceae,0.5837328862188502,-0.07626008975808957,negativo,False
Valerianaceae,Iridaceae,0.9437592893328661,-0.01050491613661909,negativo,False
Valerianaceae,Crassulaceae,0.17688401450520752,-0.18094381032173965,negativo,False
Valerianaceae,Ranunculaceae,0.4532156614519335,-0.10502547976747129,negativo,False
Valerianaceae,Cistaceae,0.18233846699217915,0.1847826129309147,positivo,False
Valerianaceae,Apiaceae,0.7747173948455484,-0.04744856490522427,negativo,False
Valerianaceae,Ranunculus,0.00492236587669168,0.35750951534175435,positivo,True
Ranunculus,Pinus,0.6657897685752572,-0.045519831898018115,negativo,False
Ranunculus,Juniperus,0.7121975495031335,-0.05108473840516056,negativo,False
Ranunculus,Taxus,0.9321202463416838,0.012548181026560693,positivo,False
Ranunculus,Betula,0.4924962525150931,0.08509608913235464,positivo,False
Ranunculus,Corylus,0.664596466698604,0.05721780367924856,positivo,False
Ranunculus,Salix,0.31628424727884996,-0.13730004090542708,negativo,False
Ranunculus,Ulmus,0.0019843648286775734,0.36868443269915807,positivo,True
Ranunculus,Populus,0.5827444599523555,0.07789666156830113,positivo,False
Ranunculus,Acer,0.9310402872394687,-0.012269766849931656,negativo,False
Ranunculus,Fraxinus,0.19383681092489813,0.18489151238978568,positivo,False
Ranunculus,Tilia,0.4236587224929347,-0.10982751101748087,negativo,False
Ranunculus,Juglans,0.5897508560117306,-0.07631237496244686,negativo,False
Ranunculus,Pistacia,0.11836598807869023,0.18873221862786654,positivo,False
Ranunculus,Rhamnus,0.6920749276752423,0.061544599664212496,positivo,False
Ranunculus,Buxus,0.5220075681432362,-0.09112767602273852,negativo,False
Ranunculus,Sambucus,0.9727021511241106,-0.004831441768622144,negativo,False
Ranunculus,Viburnum,0.5180981442103348,-0.09094350263179499,negativo,False
Ranunculus,Tamarix,0.9571713374166473,0.00727708179164574,positivo,False
Ranunculus,Thymelaeaceae,0.045246552918244025,0.27864463867615646,positivo,True
Ranunculus,Ephedra distachya,0.6401552510397637,0.06371286069260235,positivo,False
Ranunculus,Ephedra fragilis,0.23275071035342812,-0.16663365161428417,negativo,False
Ranunculus,Ericaceae,0.46642177705283405,0.10165721343084724,positivo,False
Ranunculus,Hereda helix,0.1823327784801587,-0.1873025057244058,negativo,False
Ranunculus,Lonicera,0.3623456913347798,0.13472740643614003,positivo,False
Ranunculus,Oleaceae,0.6167244793361821,-0.07188806421246448,negativo,False
Ranunculus,Myrtus,0.8898186799800805,-0.02132689772933248,negativo,False
Ranunculus,Poaceae,0.05861303413585198,0.2606365361191041,positivo,False
Ranunculus,Artemisia,0.5719241175435976,0.05953491095462924,positivo,False
Ranunculus,Cichorioideae,0.5061557344604648,0.07453813147561833,positivo,False
Ranunculus,Asteroideae,0.9457068711928613,0.009631259809797406,positivo,False
Ranunculus,Cardueae,0.9067347368153368,-0.01644976728136946,negativo,False
Ranunculus,Rubiaceae,0.13410910678170598,-0.19970572561325384,negativo,False
Ranunculus,Centaurea,0.8929337856542977,0.01919466658655848,positivo,False
Ranunculus,Chenopodiaceae,0.5477455960186887,0.0843204920428955,positivo,False
Ranunculus,Caryophyllaceae,0.03456958292135051,0.27826517746459345,positivo,True
Ranunculus,Plantago,0.1701602593387368,-0.19735684686789107,negativo,False
Ranunculus,Brassicaceae,0.579937565878651,0.0773045652638765,positivo,False
Ranunculus,Saxifragaceae,0.05089169360554614,0.26860592500799274,positivo,False
Ranunculus,Fabaceae,0.2848379540746186,0.1450463431321298,positivo,False
Ranunculus,Genista,0.4436474499788656,-0.10130888839279889,negativo,False
Ranunculus,Lotus type,0.3271765926653941,0.13443449201909735,positivo,False
Ranunculus,Trifolium type,0.45561638864884746,0.10315375302712786,positivo,False
Ranunculus,Rosaceae,0.28753273413171854,0.12018568999037879,positivo,False
Ranunculus,Boraginaceae,0.22658644018201538,-0.17013767644270997,negativo,False
Ranunculus,Sedum,0.6746654605623564,0.04064569150422459,positivo,False
Ranunculus,Helianthemum,0.5275198909127066,-0.08515662739656016,negativo,False
Ranunculus,Lamiaceae,0.25263827048779275,0.16229575519826922,positivo,False
Ranunculus,Urticaceae,0.17753250417200134,0.188361703613879,positivo,False
Ranunculus,Rumex,0.16111126885950883,0.195708762404909,positivo,False
Ranunculus,Berberidaceae,0.9210995599863235,-0.014059170841905208,negativo,False
Ranunculus,Euphorbiaceae,0.5220075762763556,-0.09112767429987922,negativo,False
Ranunculus,Primulaceae,0.7601731063635836,-0.04182110590393498,negativo,False
Ranunculus,Scrophulariaceae,0.48644470349501556,0.09746928735616738,positivo,False
Ranunculus,Papaver,0.035794309703391085,0.27555846731395267,positivo,True
Ranunculus,Campanulaceae,0.458410860248315,-0.10666592215452766,negativo,False
Ranunculus,Convolvulaceae,0.2265864937464005,-0.17013765720439947,negativo,False
Ranunculus,Liliaceae,0.7470046658567189,0.04499331245214651,positivo,False
Ranunculus,Iridaceae,0.3944510052084482,-0.12092350607185551,negativo,False
Ranunculus,Crassulaceae,0.13932901763593117,0.19980493714439063,positivo,False
Ranunculus,Ranunculaceae,0.7962017223311616,0.036516364825096785,positivo,False
Ranunculus,Cistaceae,0.7471378654064738,-0.046173202117767057,negativo,False
Ranunculus,Apiaceae,0.6437790240295806,0.06484583377105033,positivo,False
Ranunculus,Valerianaceae,0.10188968680128668,0.199072612288039,positivo,False
